13.71179, (1.0233, 1.6828, -0.5445), (-0.1846, -0.2361, 0.9540)
13.82412, (1.0243, 1.6826, -0.5464), (-0.1860, -0.2368, 0.9536)
13.94623, (1.0257, 1.6828, -0.5479), (-0.1861, -0.2362, 0.9537)
14.05868, (1.0269, 1.6825, -0.5488), (-0.1812, -0.2372, 0.9544)
14.17004, (1.0279, 1.6825, -0.5501), (-0.1746, -0.2375, 0.9556)
14.29316, (1.0281, 1.6826, -0.5520), (-0.1740, -0.2360, 0.9561)
14.41237, (1.0281, 1.6825, -0.5523), (-0.1740, -0.2351, 0.9563)
14.51585, (1.0290, 1.6823, -0.5524), (-0.1675, -0.2372, 0.9569)
14.63947, (1.0297, 1.6816, -0.5523), (-0.1649, -0.2435, 0.9558)
14.76168, (1.0291, 1.6817, -0.5540), (-0.1700, -0.2440, 0.9548)
14.88466, (1.0257, 1.6823, -0.5572), (-0.1901, -0.2422, 0.9514)
14.9973, (1.0196, 1.6836, -0.5617), (-0.2395, -0.2385, 0.9412)
15.10871, (1.0112, 1.6823, -0.5680), (-0.3393, -0.2443, 0.9084)
15.23119, (1.0028, 1.6821, -0.5789), (-0.4935, -0.2432, 0.8350)
15.34684, (1.0002, 1.6835, -0.5883), (-0.6402, -0.2283, 0.7335)
15.45536, (0.9989, 1.6845, -0.5949), (-0.7738, -0.2255, 0.5920)
15.57922, (0.9972, 1.6838, -0.6044), (-0.8851, -0.2189, 0.4107)
15.69235, (0.9930, 1.6828, -0.6176), (-0.9328, -0.2301, 0.2773)
15.80715, (0.9849, 1.6833, -0.6381), (-0.9624, -0.2197, 0.1600)
15.91237, (0.9724, 1.6831, -0.6641), (-0.9758, -0.2112, 0.0571)
16.02525, (0.9565, 1.6862, -0.6937), (-0.9795, -0.1991, -0.0308)
16.14002, (0.9429, 1.6838, -0.7236), (-0.9728, -0.2009, -0.1149)
16.25147, (0.9327, 1.6814, -0.7512), (-0.9639, -0.1884, -0.1883)
16.37064, (0.9240, 1.6817, -0.7752), (-0.9420, -0.1882, -0.2779)
16.48553, (0.9182, 1.6841, -0.7917), (-0.9098, -0.1774, -0.3752)
16.60528, (0.9127, 1.6834, -0.8046), (-0.8571, -0.1722, -0.4855)
16.71831, (0.9078, 1.6835, -0.8128), (-0.7916, -0.1779, -0.5845)
16.83927, (0.9001, 1.6853, -0.8169), (-0.6945, -0.1741, -0.6981)
16.95058, (0.8896, 1.6844, -0.8153), (-0.5772, -0.1725, -0.7982)
17.06781, (0.8760, 1.6872, -0.8105), (-0.4470, -0.1749, -0.8773)
17.17609, (0.8621, 1.6888, -0.8066), (-0.3108, -0.1747, -0.9343)
17.28912, (0.8491, 1.6867, -0.8014), (-0.1645, -0.1809, -0.9696)
17.4026, (0.8381, 1.6832, -0.7956), (-0.0190, -0.1967, -0.9803)
17.51863, (0.8339, 1.6825, -0.7896), (0.1133, -0.2034, -0.9725)
17.6211, (0.8363, 1.6814, -0.7809), (0.2414, -0.2040, -0.9488)
17.73321, (0.8428, 1.6820, -0.7700), (0.3542, -0.1962, -0.9144)
17.85813, (0.8506, 1.6809, -0.7521), (0.4643, -0.1949, -0.8640)
17.96768, (0.8579, 1.6807, -0.7324), (0.5644, -0.1915, -0.8030)
18.079, (0.8650, 1.6801, -0.7082), (0.6544, -0.1872, -0.7326)
18.19286, (0.8732, 1.6788, -0.6795), (0.7415, -0.1803, -0.6463)
18.31493, (0.8827, 1.6822, -0.6466), (0.8228, -0.1779, -0.5397)
18.42612, (0.8923, 1.6862, -0.6217), (0.8878, -0.1851, -0.4213)
18.54232, (0.8974, 1.6879, -0.5930), (0.9360, -0.1817, -0.3016)
18.65126, (0.9006, 1.6886, -0.5663), (0.9700, -0.1783, -0.1653)
18.77338, (0.9027, 1.6895, -0.5408), (0.9849, -0.1710, -0.0255)
18.88306, (0.9046, 1.6892, -0.5148), (0.9758, -0.1705, 0.1367)
18.99464, (0.9040, 1.6887, -0.4960), (0.9474, -0.1727, 0.2694)
19.11126, (0.9029, 1.6887, -0.4843), (0.9156, -0.1739, 0.3626)
19.21871, (0.9026, 1.6890, -0.4777), (0.8915, -0.1747, 0.4179)
19.33056, (0.9044, 1.6884, -0.4766), (0.8902, -0.1766, 0.4199)
19.44218, (0.9093, 1.6869, -0.4800), (0.9109, -0.1835, 0.3695)
19.56622, (0.9154, 1.6855, -0.4919), (0.9499, -0.1915, 0.2470)
19.67665, (0.9180, 1.6851, -0.5077), (0.9782, -0.1882, 0.0879)
19.7882, (0.9184, 1.6841, -0.5279), (0.9773, -0.1903, -0.0935)
19.91134, (0.9136, 1.6820, -0.5573), (0.9358, -0.2032, -0.2880)
20.02884, (0.9029, 1.6817, -0.5893), (0.8779, -0.2120, -0.4294)
20.13508, (0.8854, 1.6816, -0.6240), (0.8102, -0.2138, -0.5458)
20.24609, (0.8652, 1.6849, -0.6608), (0.7426, -0.2016, -0.6387)
20.36857, (0.8413, 1.6853, -0.7026), (0.6670, -0.1989, -0.7180)
20.49407, (0.8189, 1.6848, -0.7372), (0.6068, -0.1981, -0.7697)
20.60362, (0.7983, 1.6832, -0.7671), (0.5468, -0.1935, -0.8146)
20.71546, (0.7880, 1.6840, -0.7912), (0.4989, -0.1991, -0.8435)
20.8393, (0.7849, 1.6835, -0.8151), (0.4721, -0.1961, -0.8594)
20.95957, (0.7875, 1.6825, -0.8385), (0.4390, -0.2036, -0.8751)
21.06154, (0.7972, 1.6813, -0.8633), (0.4072, -0.2157, -0.8875)
21.17372, (0.8151, 1.6794, -0.8873), (0.3879, -0.2198, -0.8951)
21.29044, (0.8407, 1.6756, -0.9147), (0.3637, -0.2099, -0.9075)
21.40829, (0.8728, 1.6776, -0.9508), (0.3237, -0.2070, -0.9232)
21.5193, (0.9007, 1.6766, -0.9829), (0.2952, -0.2028, -0.9337)
21.63092, (0.9227, 1.6757, -1.0117), (0.2761, -0.2049, -0.9391)
21.75019, (0.9384, 1.6779, -1.0383), (0.2653, -0.2084, -0.9414)
21.85561, (0.9492, 1.6777, -1.0618), (0.2665, -0.2069, -0.9414)
21.97771, (0.9549, 1.6773, -1.0884), (0.2598, -0.2135, -0.9418)
22.09084, (0.9558, 1.6758, -1.1123), (0.2585, -0.2170, -0.9413)
22.20868, (0.9533, 1.6750, -1.1389), (0.2692, -0.2151, -0.9388)
22.31275, (0.9484, 1.6736, -1.1678), (0.2804, -0.2117, -0.9362)
22.42763, (0.9409, 1.6762, -1.2016), (0.3059, -0.2027, -0.9303)
22.54857, (0.9264, 1.6793, -1.2425), (0.3203, -0.1980, -0.9264)
22.65892, (0.9112, 1.6800, -1.2787), (0.3270, -0.1981, -0.9240)
22.77014, (0.8955, 1.6781, -1.3093), (0.3401, -0.1926, -0.9205)
22.89327, (0.8828, 1.6790, -1.3387), (0.3338, -0.1965, -0.9219)
23.01011, (0.8768, 1.6833, -1.3630), (0.3163, -0.1958, -0.9282)
23.11586, (0.8738, 1.6829, -1.3827), (0.3092, -0.1958, -0.9306)
23.22916, (0.8739, 1.6814, -1.4022), (0.2855, -0.2063, -0.9359)
23.34096, (0.8782, 1.6792, -1.4217), (0.2578, -0.2121, -0.9426)
23.46344, (0.8902, 1.6784, -1.4472), (0.2208, -0.2183, -0.9506)
23.57531, (0.9061, 1.6770, -1.4743), (0.1712, -0.2217, -0.9600)
23.68635, (0.9263, 1.6793, -1.5066), (0.1128, -0.2240, -0.9681)
23.80049, (0.9474, 1.6814, -1.5384), (0.0680, -0.2245, -0.9721)
23.91807, (0.9669, 1.6839, -1.5678), (0.0368, -0.2136, -0.9762)
24.02146, (0.9839, 1.6852, -1.5966), (-0.0174, -0.2096, -0.9776)
24.1332, (0.9982, 1.6822, -1.6238), (-0.0656, -0.2155, -0.9743)
24.2493, (1.0081, 1.6795, -1.6468), (-0.0892, -0.2414, -0.9663)
24.35891, (1.0121, 1.6797, -1.6613), (-0.1110, -0.2475, -0.9625)
24.47518, (1.0124, 1.6792, -1.6656), (-0.1447, -0.2402, -0.9599)
24.59349, (1.0079, 1.6803, -1.6613), (-0.1953, -0.2235, -0.9549)
24.71114, (1.0022, 1.6801, -1.6566), (-0.2463, -0.2153, -0.9450)
24.81519, (0.9934, 1.6789, -1.6516), (-0.3158, -0.2090, -0.9255)
24.93758, (0.9800, 1.6765, -1.6452), (-0.4095, -0.2159, -0.8864)
25.06197, (0.9637, 1.6762, -1.6370), (-0.5040, -0.2095, -0.8379)
25.18051, (0.9444, 1.6781, -1.6292), (-0.5844, -0.2026, -0.7858)
25.2836, (0.9209, 1.6812, -1.6214), (-0.6527, -0.1967, -0.7316)
25.39682, (0.8927, 1.6830, -1.6127), (-0.6973, -0.1941, -0.6900)
25.52899, (0.8602, 1.6843, -1.5998), (-0.7411, -0.1990, -0.6412)
25.65078, (0.8256, 1.6858, -1.5827), (-0.7878, -0.1936, -0.5847)
25.75276, (0.7966, 1.6861, -1.5652), (-0.8318, -0.1900, -0.5215)
25.86568, (0.7707, 1.6854, -1.5494), (-0.8724, -0.1925, -0.4493)
25.98891, (0.7438, 1.6845, -1.5345), (-0.9150, -0.1995, -0.3508)
26.09876, (0.7193, 1.6846, -1.5226), (-0.9493, -0.2094, -0.2345)
26.21161, (0.6949, 1.6838, -1.5116), (-0.9708, -0.2188, -0.0982)
26.32692, (0.6705, 1.6839, -1.5019), (-0.9712, -0.2313, 0.0573)
26.44409, (0.6456, 1.6818, -1.4953), (-0.9445, -0.2520, 0.2107)
26.55055, (0.6219, 1.6812, -1.4934), (-0.8974, -0.2498, 0.3637)
26.66886, (0.5934, 1.6841, -1.4948), (-0.8283, -0.2353, 0.5086)
26.78229, (0.5681, 1.6841, -1.4961), (-0.7484, -0.2424, 0.6173)
26.89469, (0.5484, 1.6819, -1.4930), (-0.6662, -0.2512, 0.7021)
27.01515, (0.5363, 1.6792, -1.4849), (-0.5615, -0.2669, 0.7832)
27.13884, (0.5347, 1.6772, -1.4751), (-0.4482, -0.2726, 0.8514)
27.25387, (0.5388, 1.6770, -1.4635), (-0.3576, -0.2712, 0.8936)
27.36172, (0.5492, 1.6775, -1.4484), (-0.2783, -0.2683, 0.9223)
27.47486, (0.5655, 1.6778, -1.4290), (-0.2058, -0.2625, 0.9427)
27.59648, (0.5877, 1.6783, -1.4028), (-0.1527, -0.2497, 0.9562)
27.71918, (0.6144, 1.6786, -1.3729), (-0.1248, -0.2411, 0.9624)
27.83322, (0.6380, 1.6781, -1.3430), (-0.1076, -0.2313, 0.9669)
27.95357, (0.6618, 1.6818, -1.3091), (-0.0917, -0.2268, 0.9696)
28.068, (0.6793, 1.6832, -1.2792), (-0.0853, -0.2210, 0.9715)
28.19068, (0.6909, 1.6840, -1.2473), (-0.0823, -0.2294, 0.9699)
28.29945, (0.6959, 1.6831, -1.2172), (-0.0716, -0.2341, 0.9696)
28.41178, (0.6933, 1.6801, -1.1849), (-0.0545, -0.2434, 0.9684)
28.53603, (0.6811, 1.6755, -1.1446), (-0.0287, -0.2492, 0.9680)
28.65011, (0.6624, 1.6710, -1.1032), (-0.0080, -0.2492, 0.9684)
28.7588, (0.6402, 1.6757, -1.0586), (0.0190, -0.2507, 0.9679)
28.87224, (0.6207, 1.6806, -1.0193), (0.0362, -0.2403, 0.9700)
28.98397, (0.6090, 1.6816, -0.9866), (0.0674, -0.2285, 0.9712)
29.1019, (0.6022, 1.6815, -0.9574), (0.0705, -0.2400, 0.9682)
29.20549, (0.6008, 1.6784, -0.9301), (0.0569, -0.2469, 0.9674)
29.32881, (0.6088, 1.6767, -0.8954), (0.0635, -0.2543, 0.9650)
29.44443, (0.6235, 1.6738, -0.8607), (0.0604, -0.2619, 0.9632)
29.55725, (0.6436, 1.6724, -0.8250), (0.0547, -0.2489, 0.9670)
29.67705, (0.6705, 1.6707, -0.7804), (0.0358, -0.2317, 0.9721)
29.79639, (0.7038, 1.6762, -0.7275), (0.0153, -0.2221, 0.9749)
29.91156, (0.7318, 1.6810, -0.6831), (-0.0001, -0.2141, 0.9768)
30.02072, (0.7506, 1.6812, -0.6435), (-0.0205, -0.2224, 0.9747)
30.13114, (0.7640, 1.6823, -0.6048), (-0.0235, -0.2276, 0.9735)
30.24478, (0.7712, 1.6802, -0.5648), (-0.0274, -0.2354, 0.9715)
30.36182, (0.7739, 1.6772, -0.5229), (-0.0274, -0.2432, 0.9696)
30.46931, (0.7705, 1.6749, -0.4775), (-0.0057, -0.2396, 0.9708)
30.59081, (0.7575, 1.6729, -0.4234), (0.0250, -0.2267, 0.9736)
30.70316, (0.7393, 1.6802, -0.3701), (0.0640, -0.2158, 0.9743)
30.82845, (0.7224, 1.6841, -0.3231), (0.0869, -0.1913, 0.9777)
30.93588, (0.7119, 1.6843, -0.2793), (0.0901, -0.2190, 0.9716)
31.04685, (0.7087, 1.6853, -0.2441), (0.0889, -0.2229, 0.9708)
31.1635, (0.7103, 1.6827, -0.2114), (0.0864, -0.2341, 0.9684)
31.27082, (0.7177, 1.6809, -0.1776), (0.0634, -0.2373, 0.9694)
31.38422, (0.7336, 1.6759, -0.1409), (0.0347, -0.2416, 0.9698)
31.50519, (0.7571, 1.6715, -0.0991), (0.0234, -0.2504, 0.9679)
31.6192, (0.7860, 1.6689, -0.0538), (0.0311, -0.2513, 0.9674)
31.72962, (0.8163, 1.6730, -0.0055), (0.0230, -0.2218, 0.9748)
31.84279, (0.8430, 1.6827, 0.0358), (0.0328, -0.2255, 0.9737)
31.95655, (0.8630, 1.6872, 0.0697), (0.0236, -0.2156, 0.9762)
32.06487, (0.8771, 1.6896, 0.0997), (0.0112, -0.2214, 0.9751)
32.17632, (0.8875, 1.6888, 0.1288), (0.0181, -0.2250, 0.9742)
32.28963, (0.8926, 1.6860, 0.1583), (0.0247, -0.2380, 0.9710)
32.41081, (0.8903, 1.6823, 0.1936), (0.0440, -0.2402, 0.9697)
32.52383, (0.8806, 1.6798, 0.2308), (0.0417, -0.2558, 0.9658)
32.64544, (0.8643, 1.6772, 0.2767), (0.0539, -0.2444, 0.9682)
32.75906, (0.8456, 1.6806, 0.3275), (0.0672, -0.2287, 0.9712)
32.88189, (0.8250, 1.6834, 0.3784), (0.0496, -0.2338, 0.9710)
32.99152, (0.8071, 1.6886, 0.4209), (0.0430, -0.2064, 0.9775)
33.10297, (0.7933, 1.6837, 0.4573), (0.0348, -0.2143, 0.9761)
33.21938, (0.7871, 1.6833, 0.4894), (0.0221, -0.2221, 0.9748)
33.33468, (0.7866, 1.6827, 0.5219), (0.0110, -0.2145, 0.9767)
33.44513, (0.7926, 1.6806, 0.5554), (0.0035, -0.2299, 0.9732)
33.56219, (0.8075, 1.6804, 0.5917), (-0.0028, -0.2407, 0.9706)
33.67474, (0.8273, 1.6802, 0.6212), (-0.0196, -0.2365, 0.9714)
33.78381, (0.8513, 1.6831, 0.6520), (-0.0498, -0.2263, 0.9728)
33.89618, (0.8777, 1.6869, 0.6848), (-0.0573, -0.2137, 0.9752)
34.01807, (0.9076, 1.6865, 0.7199), (-0.0605, -0.2129, 0.9752)
34.13404, (0.9314, 1.6816, 0.7457), (-0.0536, -0.2250, 0.9729)
34.24244, (0.9503, 1.6814, 0.7651), (-0.0068, -0.2403, 0.9707)
34.35371, (0.9659, 1.6812, 0.7784), (0.0923, -0.2376, 0.9670)
34.46806, (0.9692, 1.6807, 0.7892), (0.2417, -0.2539, 0.9366)
34.5948, (0.9753, 1.6771, 0.7939), (0.4382, -0.2699, 0.8574)
34.73588, (0.9828, 1.6765, 0.7975), (0.6752, -0.2983, 0.6746)
34.95062, (1.0036, 1.6733, 0.7763), (0.8911, -0.3153, 0.3265)
35.17566, (1.0425, 1.6746, 0.7159), (0.9435, -0.2902, 0.1602)
35.3714, (1.0979, 1.6677, 0.6451), (0.9413, -0.3063, 0.1416)
35.49456, (1.1371, 1.6707, 0.5934), (0.9533, -0.2821, 0.1081)
35.61573, (1.1689, 1.6745, 0.5537), (0.9605, -0.2646, 0.0863)
35.73006, (1.1981, 1.6770, 0.5292), (0.9633, -0.2581, 0.0736)
35.8402, (1.2266, 1.6764, 0.5145), (0.9645, -0.2566, 0.0623)
35.95113, (1.2615, 1.6738, 0.5048), (0.9633, -0.2579, 0.0737)
36.063, (1.3019, 1.6706, 0.5016), (0.9640, -0.2535, 0.0807)
36.18222, (1.3456, 1.6691, 0.5043), (0.9642, -0.2530, 0.0791)
36.28661, (1.3925, 1.6686, 0.5116), (0.9674, -0.2391, 0.0839)
36.39822, (1.4419, 1.6720, 0.5214), (0.9687, -0.2300, 0.0934)
36.52062, (1.4881, 1.6741, 0.5285), (0.9726, -0.2120, 0.0952)
36.64203, (1.5244, 1.6801, 0.5304), (0.9724, -0.2091, 0.1037)
36.74443, (1.5573, 1.6791, 0.5308), (0.9684, -0.2058, 0.1408)
36.85705, (1.5905, 1.6776, 0.5278), (0.9585, -0.2152, 0.1870)
36.98487, (1.6311, 1.6771, 0.5196), (0.9452, -0.2132, 0.2473)
37.09042, (1.6740, 1.6730, 0.5066), (0.9305, -0.2186, 0.2939)
37.20227, (1.7231, 1.6688, 0.4904), (0.9103, -0.2294, 0.3445)
37.3139, (1.7695, 1.6748, 0.4776), (0.8893, -0.2195, 0.4012)
37.43246, (1.8044, 1.6809, 0.4743), (0.8515, -0.2129, 0.4791)
37.54512, (1.8280, 1.6804, 0.4804), (0.7800, -0.2139, 0.5881)
37.6604, (1.8416, 1.6775, 0.4953), (0.6525, -0.2466, 0.7166)
37.77331, (1.8364, 1.6741, 0.5109), (0.4906, -0.2777, 0.8260)
37.89209, (1.8124, 1.6717, 0.5204), (0.2885, -0.2966, 0.9104)
37.9962, (1.7707, 1.6720, 0.5197), (0.0828, -0.2955, 0.9517)
38.11873, (1.7126, 1.6730, 0.5076), (-0.1617, -0.2954, 0.9416)
38.23469, (1.6542, 1.6760, 0.4893), (-0.3523, -0.2854, 0.8913)
38.34283, (1.5924, 1.6749, 0.4678), (-0.5194, -0.2786, 0.8079)
38.46554, (1.5300, 1.6732, 0.4481), (-0.6889, -0.2790, 0.6690)
38.59384, (1.4794, 1.6703, 0.4366), (-0.8037, -0.2822, 0.5238)
38.70298, (1.4389, 1.6691, 0.4352), (-0.8723, -0.2810, 0.4002)
38.81146, (1.3971, 1.6668, 0.4434), (-0.9164, -0.2818, 0.2843)
38.92277, (1.3519, 1.6634, 0.4626), (-0.9413, -0.2812, 0.1869)
39.04507, (1.2933, 1.6609, 0.4988), (-0.9545, -0.2805, 0.1014)
39.16833, (1.2289, 1.6710, 0.5477), (-0.9595, -0.2755, 0.0593)
39.27994, (1.1782, 1.6766, 0.5831), (-0.9698, -0.2374, 0.0564)
39.39249, (1.1328, 1.6798, 0.6072), (-0.9682, -0.2473, 0.0372)
39.50799, (1.0895, 1.6811, 0.6242), (-0.9702, -0.2415, 0.0172)
39.62703, (1.0385, 1.6785, 0.6373), (-0.9701, -0.2429, 0.0006)
39.73814, (0.9876, 1.6736, 0.6443), (-0.9664, -0.2567, -0.0096)
39.8616, (0.9295, 1.6689, 0.6489), (-0.9663, -0.2574, 0.0033)
39.97223, (0.8733, 1.6694, 0.6510), (-0.9673, -0.2527, 0.0228)
40.0956, (0.8136, 1.6758, 0.6598), (-0.9723, -0.2299, 0.0413)
40.21326, (0.7679, 1.6793, 0.6734), (-0.9720, -0.2282, 0.0553)
40.3313, (0.7196, 1.6808, 0.6920), (-0.9733, -0.2232, 0.0536)
40.45346, (0.6708, 1.6778, 0.7145), (-0.9719, -0.2276, 0.0605)
40.57746, (0.6169, 1.6726, 0.7431), (-0.9712, -0.2306, 0.0593)
40.69736, (0.5675, 1.6670, 0.7748), (-0.9734, -0.2238, 0.0494)
40.80045, (0.5177, 1.6723, 0.8096), (-0.9749, -0.2207, 0.0290)
40.91185, (0.4686, 1.6782, 0.8436), (-0.9746, -0.2217, 0.0312)
41.03023, (0.4268, 1.6808, 0.8698), (-0.9746, -0.2215, 0.0330)
41.13507, (0.3897, 1.6839, 0.8881), (-0.9746, -0.2237, 0.0137)
41.24702, (0.3544, 1.6837, 0.9020), (-0.9754, -0.2203, 0.0125)
41.36854, (0.3124, 1.6833, 0.9122), (-0.9740, -0.2250, 0.0252)
41.4937, (0.2657, 1.6793, 0.9141), (-0.9737, -0.2258, 0.0315)
41.60328, (0.2169, 1.6759, 0.9113), (-0.9728, -0.2270, 0.0459)
41.71558, (0.1650, 1.6761, 0.9042), (-0.9713, -0.2287, 0.0651)
41.82841, (0.1143, 1.6826, 0.8969), (-0.9746, -0.2071, 0.0851)
41.94888, (0.0704, 1.6816, 0.8923), (-0.9775, -0.1912, 0.0890)
42.05093, (0.0281, 1.6843, 0.8923), (-0.9741, -0.2078, 0.0895)
42.17276, (-0.0159, 1.6839, 0.8966), (-0.9745, -0.2095, 0.0798)
42.28957, (-0.0542, 1.6826, 0.9046), (-0.9707, -0.2270, 0.0782)
42.41126, (-0.0894, 1.6827, 0.9150), (-0.9707, -0.2301, 0.0694)
42.52043, (-0.1198, 1.6809, 0.9316), (-0.9704, -0.2341, 0.0596)
42.64297, (-0.1486, 1.6874, 0.9492), (-0.9728, -0.2262, 0.0489)
42.75862, (-0.1710, 1.6896, 0.9646), (-0.9742, -0.2194, 0.0523)
42.876, (-0.1893, 1.6908, 0.9789), (-0.9731, -0.2222, 0.0609)
42.97813, (-0.2032, 1.6915, 0.9917), (-0.9721, -0.2244, 0.0688)
43.09053, (-0.2129, 1.6910, 1.0019), (-0.9721, -0.2230, 0.0728)
43.21398, (-0.2200, 1.6909, 1.0105), (-0.9718, -0.2248, 0.0710)
43.32475, (-0.2244, 1.6904, 1.0159), (-0.9717, -0.2254, 0.0705)
43.44676, (-0.2282, 1.6906, 1.0199), (-0.9704, -0.2296, 0.0742)
43.57786, (-0.2308, 1.6906, 1.0208), (-0.9701, -0.2316, 0.0721)
43.6902, (-0.2321, 1.6911, 1.0214), (-0.9706, -0.2277, 0.0780)
43.7936, (-0.2346, 1.6910, 1.0223), (-0.9690, -0.2300, 0.0906)
43.90548, (-0.2388, 1.6912, 1.0240), (-0.9678, -0.2334, 0.0945)
44.02509, (-0.2441, 1.6912, 1.0280), (-0.9678, -0.2313, 0.0995)
44.13811, (-0.2522, 1.6910, 1.0335), (-0.9671, -0.2320, 0.1041)
44.24076, (-0.2628, 1.6908, 1.0396), (-0.9675, -0.2335, 0.0969)
44.36311, (-0.2763, 1.6890, 1.0480), (-0.9684, -0.2326, 0.0901)
44.4862, (-0.2911, 1.6857, 1.0540), (-0.9691, -0.2323, 0.0830)
44.61194, (-0.3113, 1.6823, 1.0571), (-0.9683, -0.2391, 0.0727)
44.72007, (-0.3328, 1.6816, 1.0566), (-0.9684, -0.2406, 0.0654)
44.83195, (-0.3599, 1.6799, 1.0551), (-0.9686, -0.2442, 0.0474)
44.94755, (-0.3930, 1.6775, 1.0528), (-0.9674, -0.2501, 0.0387)
45.05587, (-0.4316, 1.6765, 1.0483), (-0.9668, -0.2523, 0.0414)
45.16809, (-0.4729, 1.6765, 1.0413), (-0.9684, -0.2443, 0.0501)
45.28045, (-0.5155, 1.6841, 1.0340), (-0.9714, -0.2304, 0.0569)
45.40206, (-0.5554, 1.6852, 1.0284), (-0.9739, -0.2169, 0.0664)
45.51584, (-0.5889, 1.6868, 1.0258), (-0.9729, -0.2220, 0.0648)
45.64224, (-0.6250, 1.6865, 1.0290), (-0.9717, -0.2251, 0.0716)
45.75818, (-0.6629, 1.6847, 1.0371), (-0.9696, -0.2338, 0.0728)
45.88149, (-0.7069, 1.6825, 1.0511), (-0.9685, -0.2383, 0.0722)
45.99412, (-0.7524, 1.6793, 1.0693), (-0.9688, -0.2404, 0.0603)
46.10538, (-0.8016, 1.6774, 1.0919), (-0.9687, -0.2431, 0.0501)
46.21817, (-0.8498, 1.6827, 1.1151), (-0.9728, -0.2287, 0.0362)
46.33744, (-0.8941, 1.6883, 1.1359), (-0.9747, -0.2214, 0.0297)
46.44032, (-0.9338, 1.6886, 1.1496), (-0.9728, -0.2306, 0.0214)
46.56306, (-0.9776, 1.6898, 1.1603), (-0.9726, -0.2316, 0.0187)
46.68252, (-1.0196, 1.6875, 1.1649), (-0.9697, -0.2438, 0.0142)
46.80476, (-1.0650, 1.6855, 1.1653), (-0.9669, -0.2548, 0.0141)
46.90908, (-1.1198, 1.6820, 1.1603), (-0.9669, -0.2537, 0.0282)
47.02256, (-1.1713, 1.6798, 1.1504), (-0.9666, -0.2525, 0.0436)
47.13835, (-1.2223, 1.6861, 1.1390), (-0.9703, -0.2367, 0.0498)
47.24437, (-1.2670, 1.6889, 1.1299), (-0.9732, -0.2256, 0.0454)
47.35848, (-1.3055, 1.6905, 1.1253), (-0.9703, -0.2354, 0.0565)
47.47008, (-1.3397, 1.6906, 1.1227), (-0.9704, -0.2367, 0.0484)
47.59266, (-1.3711, 1.6905, 1.1249), (-0.9697, -0.2389, 0.0513)
47.70158, (-1.4059, 1.6884, 1.1312), (-0.9688, -0.2433, 0.0472)
47.82584, (-1.4434, 1.6870, 1.1427), (-0.9697, -0.2416, 0.0369)
47.95141, (-1.4849, 1.6859, 1.1601), (-0.9711, -0.2371, 0.0281)
48.06744, (-1.5248, 1.6883, 1.1786), (-0.9722, -0.2337, 0.0142)
48.17038, (-1.5659, 1.6937, 1.1993), (-0.9745, -0.2243, 0.0084)
48.28276, (-1.6022, 1.6961, 1.2198), (-0.9754, -0.2202, 0.0106)
48.39893, (-1.6350, 1.6945, 1.2361), (-0.9763, -0.2161, 0.0086)
48.50724, (-1.6667, 1.6956, 1.2472), (-0.9722, -0.2338, 0.0097)
48.62909, (-1.7011, 1.6955, 1.2529), (-0.9727, -0.2322, -0.0007)
48.75144, (-1.7390, 1.6933, 1.2539), (-0.9693, -0.2456, -0.0057)
48.86911, (-1.7776, 1.6913, 1.2508), (-0.9673, -0.2536, -0.0030)
48.983, (-1.8182, 1.6906, 1.2448), (-0.9672, -0.2537, 0.0097)
49.09992, (-1.8636, 1.6945, 1.2346), (-0.9698, -0.2417, 0.0328)
49.22047, (-1.9040, 1.6988, 1.2245), (-0.9726, -0.2278, 0.0474)
49.33721, (-1.9329, 1.6985, 1.2172), (-0.9725, -0.2242, 0.0629)
49.44458, (-1.9562, 1.7001, 1.2130), (-0.9704, -0.2325, 0.0657)
49.5827, (-1.9750, 1.7012, 1.2103), (-0.9729, -0.2242, 0.0561)
49.70087, (-1.9850, 1.7003, 1.2120), (-0.9712, -0.2306, 0.0602)
49.81353, (-1.9888, 1.7008, 1.2156), (-0.9711, -0.2293, 0.0666)
49.9339, (-1.9948, 1.7025, 1.2190), (-0.9742, -0.2180, 0.0585)
50.03614, (-2.0009, 1.7028, 1.2232), (-0.9726, -0.2224, 0.0679)
50.16373, (-2.0083, 1.7027, 1.2269), (-0.9724, -0.2224, 0.0705)
50.27938, (-2.0157, 1.7025, 1.2288), (-0.9721, -0.2228, 0.0733)
50.38167, (-2.0250, 1.7014, 1.2320), (-0.9713, -0.2239, 0.0797)
50.49574, (-2.0380, 1.7000, 1.2388), (-0.9676, -0.2354, 0.0912)
50.61684, (-2.0570, 1.6992, 1.2501), (-0.9666, -0.2398, 0.0900)
50.74012, (-2.0790, 1.6987, 1.2691), (-0.9671, -0.2417, 0.0794)
50.85205, (-2.1005, 1.6980, 1.2914), (-0.9692, -0.2387, 0.0605)
50.97551, (-2.1237, 1.7031, 1.3192), (-0.9739, -0.2215, 0.0497)
51.0924, (-2.1452, 1.7089, 1.3432), (-0.9767, -0.2094, 0.0479)
51.20333, (-2.1636, 1.7107, 1.3630), (-0.9782, -0.2022, 0.0471)
51.32101, (-2.1829, 1.7100, 1.3825), (-0.9784, -0.2014, 0.0469)
51.44339, (-2.1992, 1.7092, 1.3977), (-0.9778, -0.2019, 0.0551)
51.56676, (-2.2128, 1.7083, 1.4083), (-0.9782, -0.2001, 0.0561)
51.68325, (-2.2250, 1.7078, 1.4149), (-0.9779, -0.2017, 0.0547)
51.79023, (-2.2367, 1.7071, 1.4185), (-0.9779, -0.2008, 0.0585)
51.91309, (-2.2488, 1.7066, 1.4208), (-0.9778, -0.2016, 0.0579)
52.02465, (-2.2595, 1.7058, 1.4232), (-0.9770, -0.2056, 0.0568)
52.14016, (-2.2617, 1.7115, 1.4218), (-0.9795, -0.1944, 0.0532)
52.24865, (-2.2559, 1.7127, 1.4188), (-0.9820, -0.1783, 0.0624)
52.36507, (-2.2470, 1.7092, 1.4154), (-0.9805, -0.1884, 0.0553)
52.48377, (-2.2365, 1.7067, 1.4118), (-0.9791, -0.1965, 0.0526)
52.60754, (-2.2223, 1.7035, 1.4015), (-0.9789, -0.2030, 0.0216)
52.7169, (-2.2078, 1.7024, 1.3866), (-0.9779, -0.2050, -0.0407)
52.84161, (-2.1749, 1.7026, 1.3572), (-0.9691, -0.2058, -0.1358)
52.95801, (-2.1421, 1.7026, 1.3316), (-0.9567, -0.1967, -0.2145)
53.07085, (-2.1068, 1.7027, 1.3026), (-0.9268, -0.1963, -0.3201)
53.17612, (-2.0668, 1.7017, 1.2732), (-0.8592, -0.2153, -0.4642)
53.28728, (-2.0223, 1.7014, 1.2445), (-0.7625, -0.2241, -0.6069)
53.40302, (-1.9725, 1.6986, 1.2195), (-0.6327, -0.2365, -0.7374)
53.53379, (-1.9166, 1.6969, 1.1988), (-0.4287, -0.2407, -0.8708)
53.64577, (-1.8706, 1.6973, 1.1879), (-0.2013, -0.2381, -0.9502)
53.76762, (-1.8334, 1.6986, 1.1823), (0.0139, -0.2524, -0.9675)
53.88242, (-1.8053, 1.6938, 1.1867), (0.1745, -0.2608, -0.9495)
54.00036, (-1.7822, 1.6966, 1.1853), (0.2553, -0.2643, -0.9301)
54.1029, (-1.7675, 1.6949, 1.1786), (0.2790, -0.2735, -0.9205)
54.2149, (-1.7604, 1.6930, 1.1710), (0.2844, -0.2867, -0.9148)
54.33347, (-1.7611, 1.6934, 1.1655), (0.2622, -0.2863, -0.9215)
54.43826, (-1.7662, 1.6945, 1.1619), (0.2419, -0.2827, -0.9282)
54.5617, (-1.7746, 1.6947, 1.1584), (0.2310, -0.2838, -0.9306)
54.68399, (-1.7831, 1.6956, 1.1578), (0.2438, -0.2791, -0.9288)
54.80802, (-1.7906, 1.6960, 1.1608), (0.2715, -0.2689, -0.9241)
54.91887, (-1.7970, 1.6966, 1.1662), (0.2891, -0.2637, -0.9203)
55.04127, (-1.8005, 1.6993, 1.1727), (0.3198, -0.2372, -0.9173)
55.16457, (-1.8022, 1.7022, 1.1765), (0.3298, -0.2113, -0.9201)
55.28542, (-1.8015, 1.7036, 1.1741), (0.3438, -0.2001, -0.9175)
55.40749, (-1.7996, 1.7040, 1.1644), (0.3415, -0.1871, -0.9211)
55.51111, (-1.7983, 1.7031, 1.1452), (0.3368, -0.1830, -0.9236)
55.63191, (-1.7987, 1.6993, 1.1127), (0.3244, -0.1800, -0.9286)
55.74849, (-1.8020, 1.6982, 1.0727), (0.2973, -0.1779, -0.9381)
55.85681, (-1.8113, 1.6978, 1.0287), (0.2429, -0.1845, -0.9523)
55.9824, (-1.8233, 1.7028, 0.9817), (0.1609, -0.1696, -0.9723)
56.10125, (-1.8308, 1.7020, 0.9399), (0.1169, -0.1775, -0.9771)
56.21544, (-1.8342, 1.7013, 0.9142), (0.0873, -0.1818, -0.9795)
56.32585, (-1.8330, 1.7018, 0.8950), (0.0925, -0.1884, -0.9777)
56.44817, (-1.8313, 1.7027, 0.8779), (0.0877, -0.1906, -0.9777)
56.5709, (-1.8282, 1.7029, 0.8593), (0.0692, -0.1977, -0.9778)
56.68474, (-1.8215, 1.7008, 0.8420), (0.0614, -0.2094, -0.9759)
56.7942, (-1.8113, 1.6987, 0.8233), (0.0445, -0.2146, -0.9757)
56.9111, (-1.7970, 1.6976, 0.8022), (0.0299, -0.2127, -0.9767)
57.0178, (-1.7798, 1.6995, 0.7766), (0.0274, -0.2168, -0.9758)
57.14509, (-1.7591, 1.7031, 0.7464), (0.0260, -0.2088, -0.9776)
57.25174, (-1.7395, 1.7055, 0.7195), (0.0255, -0.2034, -0.9788)
57.37554, (-1.7161, 1.7067, 0.6906), (0.0289, -0.1996, -0.9794)
57.49876, (-1.6933, 1.7064, 0.6649), (0.0230, -0.1973, -0.9801)
57.61495, (-1.6778, 1.7043, 0.6446), (0.0027, -0.1994, -0.9799)
57.72122, (-1.6677, 1.7037, 0.6266), (-0.0128, -0.2129, -0.9770)
57.8327, (-1.6615, 1.7034, 0.6099), (-0.0201, -0.2114, -0.9772)
57.94695, (-1.6596, 1.7018, 0.5937), (-0.0257, -0.2199, -0.9752)
58.06927, (-1.6633, 1.7005, 0.5754), (-0.0195, -0.2269, -0.9737)
58.17905, (-1.6712, 1.6993, 0.5570), (-0.0091, -0.2287, -0.9735)
58.30228, (-1.6849, 1.6986, 0.5331), (0.0033, -0.2280, -0.9736)
58.42677, (-1.7031, 1.7010, 0.5070), (0.0054, -0.2313, -0.9729)
58.54928, (-1.7202, 1.7040, 0.4805), (0.0023, -0.2284, -0.9736)
58.66085, (-1.7345, 1.7061, 0.4592), (0.0087, -0.2255, -0.9742)
58.78203, (-1.7518, 1.7077, 0.4357), (0.0097, -0.2200, -0.9755)
58.89456, (-1.7684, 1.7079, 0.4152), (0.0095, -0.2161, -0.9763)
59.0103, (-1.7827, 1.7066, 0.3961), (0.0072, -0.2136, -0.9769)
59.11775, (-1.7897, 1.7058, 0.3773), (0.0149, -0.2107, -0.9774)
59.24075, (-1.7920, 1.7066, 0.3558), (0.0222, -0.2043, -0.9787)
59.35294, (-1.7890, 1.7053, 0.3340), (0.0278, -0.2047, -0.9784)
59.47662, (-1.7788, 1.7043, 0.3038), (0.0212, -0.2158, -0.9762)
59.58798, (-1.7643, 1.7033, 0.2751), (0.0098, -0.2192, -0.9756)
59.70947, (-1.7413, 1.7012, 0.2405), (-0.0054, -0.2172, -0.9761)
59.83207, (-1.7139, 1.7066, 0.2023), (-0.0214, -0.2101, -0.9774)
59.94867, (-1.6912, 1.7079, 0.1704), (-0.0309, -0.2005, -0.9792)
60.05624, (-1.6724, 1.7055, 0.1412), (-0.0452, -0.1978, -0.9792)
60.16734, (-1.6617, 1.7037, 0.1170), (-0.0508, -0.2107, -0.9762)
60.2808, (-1.6565, 1.7042, 0.0976), (-0.0428, -0.2105, -0.9767)
60.40018, (-1.6564, 1.7034, 0.0816), (-0.0420, -0.2176, -0.9751)
60.50387, (-1.6609, 1.7035, 0.0691), (-0.0281, -0.2235, -0.9743)
60.62571, (-1.6712, 1.7032, 0.0579), (-0.0104, -0.2263, -0.9740)
60.74809, (-1.6836, 1.7069, 0.0484), (0.0055, -0.2245, -0.9745)
60.87025, (-1.6943, 1.7077, 0.0406), (0.0098, -0.2248, -0.9744)
60.98236, (-1.7010, 1.7083, 0.0342), (0.0758, -0.2232, -0.9718)
61.0953, (-1.7030, 1.7069, 0.0309), (0.1828, -0.2300, -0.9559)
61.21738, (-1.6944, 1.7060, 0.0304), (0.3223, -0.2352, -0.9170)
61.33871, (-1.6817, 1.7036, 0.0382), (0.4498, -0.2358, -0.8614)
61.45184, (-1.6591, 1.7029, 0.0532), (0.5925, -0.2293, -0.7723)
61.58623, (-1.6293, 1.7042, 0.0747), (0.7250, -0.2293, -0.6495)
61.69884, (-1.6067, 1.7054, 0.0921), (0.8016, -0.2208, -0.5555)
61.82121, (-1.5836, 1.7059, 0.1090), (0.8564, -0.2156, -0.4692)
61.9324, (-1.5630, 1.7049, 0.1239), (0.8911, -0.2124, -0.4010)
62.04437, (-1.5434, 1.7027, 0.1387), (0.9098, -0.2160, -0.3544)
62.16701, (-1.5210, 1.7009, 0.1527), (0.9232, -0.2250, -0.3115)
62.28664, (-1.5004, 1.6999, 0.1615), (0.9300, -0.2348, -0.2826)
62.39127, (-1.4799, 1.6995, 0.1662), (0.9337, -0.2417, -0.2641)
62.51495, (-1.4621, 1.7009, 0.1684), (0.9388, -0.2498, -0.2374)
62.63627, (-1.4534, 1.6974, 0.1716), (0.9420, -0.2663, -0.2042)
62.75949, (-1.4437, 1.6957, 0.1724), (0.9464, -0.2645, -0.1855)
62.87087, (-1.4367, 1.6917, 0.1649), (0.9320, -0.2890, -0.2189)
62.9953, (-1.4324, 1.6906, 0.1522), (0.9190, -0.2932, -0.2636)
63.11658, (-1.4327, 1.6888, 0.1317), (0.8895, -0.2941, -0.3498)
63.23595, (-1.4368, 1.6895, 0.1065), (0.8408, -0.2898, -0.4572)
63.35159, (-1.4451, 1.6901, 0.0751), (0.7724, -0.2824, -0.5689)
63.46342, (-1.4554, 1.6905, 0.0459), (0.7137, -0.2754, -0.6440)
63.58575, (-1.4676, 1.6935, 0.0125), (0.6544, -0.2655, -0.7080)
63.70451, (-1.4797, 1.6960, -0.0177), (0.6027, -0.2593, -0.7546)
63.81084, (-1.4901, 1.6962, -0.0455), (0.5818, -0.2593, -0.7709)
63.93171, (-1.5000, 1.6957, -0.0708), (0.5665, -0.2571, -0.7829)
64.04365, (-1.5072, 1.6957, -0.0908), (0.5614, -0.2603, -0.7855)
64.16666, (-1.5137, 1.6939, -0.1081), (0.5619, -0.2626, -0.7844)
64.2792, (-1.5182, 1.6927, -0.1195), (0.5618, -0.2665, -0.7832)
64.40085, (-1.5210, 1.6932, -0.1284), (0.5624, -0.2612, -0.7845)
64.52957, (-1.5232, 1.6934, -0.1356), (0.5610, -0.2612, -0.7855)
64.66171, (-1.5244, 1.6931, -0.1408), (0.5652, -0.2628, -0.7820)
64.7797, (-1.5249, 1.6931, -0.1427), (0.5664, -0.2615, -0.7816)
64.89223, (-1.5262, 1.6931, -0.1425), (0.5629, -0.2578, -0.7853)
65.01095, (-1.5281, 1.6931, -0.1411), (0.5550, -0.2545, -0.7920)
65.12134, (-1.5285, 1.6931, -0.1402), (0.5429, -0.2527, -0.8008)
65.22842, (-1.5282, 1.6930, -0.1394), (0.5322, -0.2526, -0.8080)
65.35023, (-1.5276, 1.6935, -0.1383), (0.5265, -0.2484, -0.8131)
65.46416, (-1.5266, 1.6936, -0.1376), (0.5250, -0.2481, -0.8142)
65.592, (-1.5255, 1.6939, -0.1366), (0.5260, -0.2463, -0.8140)
65.69718, (-1.5250, 1.6941, -0.1365), (0.5295, -0.2460, -0.8119)
(-1.3718, -0.0199, -0.1420)
ETS ON
2.0000
Radius 2.0000 1.0000
