23.08613, (0.5177, 1.6900, 0.7874), (0.0213, -0.1464, 0.9890)
23.19761, (0.5171, 1.6906, 0.7931), (0.0205, -0.1491, 0.9886)
23.31969, (0.5180, 1.6904, 0.7964), (0.0108, -0.1454, 0.9893)
23.43391, (0.5163, 1.6914, 0.7995), (0.0061, -0.1421, 0.9898)
23.55103, (0.5163, 1.6927, 0.8013), (0.0020, -0.1362, 0.9907)
23.65527, (0.5167, 1.6929, 0.8022), (-0.0013, -0.1332, 0.9911)
23.76765, (0.5167, 1.6931, 0.8035), (-0.0053, -0.1326, 0.9912)
23.88086, (0.5178, 1.6930, 0.8033), (-0.0071, -0.1339, 0.9910)
23.98995, (0.5194, 1.6931, 0.8027), (-0.0080, -0.1326, 0.9911)
24.10644, (0.5211, 1.6928, 0.8022), (-0.0057, -0.1352, 0.9908)
24.22442, (0.5222, 1.6928, 0.8012), (-0.0076, -0.1361, 0.9907)
24.34161, (0.5236, 1.6926, 0.7990), (-0.0126, -0.1357, 0.9907)
24.44815, (0.5239, 1.6931, 0.7962), (-0.0290, -0.1368, 0.9902)
24.5589, (0.5244, 1.6929, 0.7920), (-0.0625, -0.1373, 0.9886)
24.68105, (0.5257, 1.6926, 0.7869), (-0.1169, -0.1380, 0.9835)
24.80484, (0.5282, 1.6921, 0.7808), (-0.1927, -0.1390, 0.9713)
24.91651, (0.5266, 1.6909, 0.7740), (-0.2979, -0.1347, 0.9450)
25.02798, (0.5213, 1.6904, 0.7650), (-0.4150, -0.1387, 0.8992)
25.14498, (0.5110, 1.6894, 0.7560), (-0.5149, -0.1416, 0.8455)
25.27052, (0.4958, 1.6864, 0.7445), (-0.6158, -0.1503, 0.7734)
25.37424, (0.4760, 1.6849, 0.7306), (-0.7054, -0.1572, 0.6912)
25.48646, (0.4525, 1.6854, 0.7141), (-0.7837, -0.1572, 0.6010)
25.60156, (0.4276, 1.6864, 0.6962), (-0.8418, -0.1546, 0.5172)
25.71039, (0.4027, 1.6875, 0.6749), (-0.8853, -0.1491, 0.4405)
25.82546, (0.3781, 1.6880, 0.6521), (-0.9188, -0.1393, 0.3694)
25.94522, (0.3520, 1.6869, 0.6273), (-0.9482, -0.1389, 0.2859)
26.06404, (0.3345, 1.6868, 0.6078), (-0.9670, -0.1354, 0.2158)
26.16855, (0.3197, 1.6870, 0.5978), (-0.9749, -0.1276, 0.1823)
26.28971, (0.3058, 1.6856, 0.5983), (-0.9751, -0.1388, 0.1731)
26.40286, (0.2988, 1.6850, 0.6072), (-0.9710, -0.1483, 0.1874)
26.52277, (0.2988, 1.6848, 0.6185), (-0.9620, -0.1554, 0.2243)
26.62439, (0.3021, 1.6854, 0.6276), (-0.9554, -0.1540, 0.2521)
26.73789, (0.3062, 1.6857, 0.6341), (-0.9542, -0.1536, 0.2568)
26.86007, (0.3110, 1.6859, 0.6419), (-0.9503, -0.1544, 0.2703)
26.98184, (0.3147, 1.6861, 0.6489), (-0.9468, -0.1552, 0.2820)
27.08416, (0.3180, 1.6862, 0.6543), (-0.9456, -0.1579, 0.2846)
27.20732, (0.3214, 1.6865, 0.6578), (-0.9473, -0.1575, 0.2791)
27.32327, (0.3239, 1.6867, 0.6609), (-0.9469, -0.1567, 0.2808)
27.43003, (0.3269, 1.6866, 0.6650), (-0.9434, -0.1579, 0.2916)
27.54174, (0.3326, 1.6879, 0.6723), (-0.9317, -0.1543, 0.3287)
27.65356, (0.3407, 1.6883, 0.6858), (-0.8978, -0.1537, 0.4127)
27.779, (0.3532, 1.6882, 0.7044), (-0.8386, -0.1575, 0.5215)
27.88767, (0.3684, 1.6886, 0.7219), (-0.7663, -0.1559, 0.6233)
27.99953, (0.3862, 1.6886, 0.7383), (-0.6808, -0.1558, 0.7157)
28.11987, (0.4051, 1.6886, 0.7527), (-0.5922, -0.1528, 0.7912)
28.24821, (0.4292, 1.6877, 0.7677), (-0.4963, -0.1486, 0.8553)
28.35693, (0.4495, 1.6872, 0.7773), (-0.4274, -0.1452, 0.8923)
28.46819, (0.4688, 1.6866, 0.7855), (-0.3723, -0.1433, 0.9170)
28.58055, (0.4878, 1.6853, 0.7924), (-0.3159, -0.1465, 0.9374)
28.70172, (0.5042, 1.6860, 0.7977), (-0.2550, -0.1426, 0.9564)
28.80519, (0.5179, 1.6854, 0.8019), (-0.2042, -0.1426, 0.9685)
28.9274, (0.5273, 1.6869, 0.8067), (-0.1580, -0.1396, 0.9775)
29.041, (0.5338, 1.6876, 0.8087), (-0.1326, -0.1387, 0.9814)
29.15175, (0.5377, 1.6874, 0.8102), (-0.1203, -0.1394, 0.9829)
29.27262, (0.5407, 1.6869, 0.8095), (-0.1274, -0.1450, 0.9812)
29.39597, (0.5420, 1.6869, 0.8072), (-0.1434, -0.1439, 0.9791)
29.51206, (0.5406, 1.6864, 0.8037), (-0.1752, -0.1440, 0.9739)
29.61968, (0.5352, 1.6857, 0.7992), (-0.2324, -0.1442, 0.9619)
29.73056, (0.5226, 1.6854, 0.7936), (-0.3294, -0.1492, 0.9323)
29.84259, (0.5054, 1.6854, 0.7850), (-0.4475, -0.1518, 0.8813)
29.96167, (0.4853, 1.6848, 0.7728), (-0.5711, -0.1511, 0.8068)
30.06749, (0.4647, 1.6833, 0.7561), (-0.6945, -0.1558, 0.7024)
30.1805, (0.4419, 1.6838, 0.7368), (-0.8032, -0.1598, 0.5738)
30.30246, (0.4194, 1.6851, 0.7161), (-0.8859, -0.1616, 0.4348)
30.42621, (0.4021, 1.6850, 0.6974), (-0.9350, -0.1673, 0.3128)
30.53549, (0.3870, 1.6845, 0.6775), (-0.9705, -0.1672, 0.1738)
30.64701, (0.3761, 1.6848, 0.6614), (-0.9840, -0.1660, 0.0643)
30.76381, (0.3667, 1.6850, 0.6485), (-0.9866, -0.1630, -0.0099)
30.87098, (0.3575, 1.6848, 0.6385), (-0.9856, -0.1622, -0.0485)
30.99287, (0.3480, 1.6849, 0.6292), (-0.9843, -0.1660, -0.0598)
31.1055, (0.3409, 1.6848, 0.6214), (-0.9842, -0.1682, -0.0562)
31.22783, (0.3346, 1.6844, 0.6144), (-0.9835, -0.1747, -0.0471)
31.34013, (0.3301, 1.6843, 0.6083), (-0.9837, -0.1756, -0.0385)
31.45122, (0.3252, 1.6845, 0.6017), (-0.9839, -0.1752, -0.0363)
31.57524, (0.3190, 1.6840, 0.5942), (-0.9839, -0.1759, -0.0326)
31.69683, (0.3113, 1.6832, 0.5863), (-0.9833, -0.1794, -0.0311)
31.80846, (0.3042, 1.6816, 0.5781), (-0.9823, -0.1843, -0.0328)
31.92071, (0.2960, 1.6797, 0.5708), (-0.9806, -0.1945, -0.0258)
32.04226, (0.2852, 1.6777, 0.5655), (-0.9803, -0.1975, -0.0092)
32.17052, (0.2703, 1.6777, 0.5636), (-0.9798, -0.1997, -0.0074)
32.28222, (0.2521, 1.6776, 0.5654), (-0.9798, -0.2000, -0.0089)
32.40142, (0.2246, 1.6766, 0.5708), (-0.9796, -0.1997, -0.0238)
32.51262, (0.1946, 1.6753, 0.5804), (-0.9787, -0.2013, -0.0407)
32.63098, (0.1585, 1.6741, 0.5941), (-0.9781, -0.1995, -0.0596)
32.73668, (0.1195, 1.6775, 0.6090), (-0.9785, -0.1891, -0.0829)
32.85844, (0.0773, 1.6811, 0.6272), (-0.9780, -0.1835, -0.0990)
32.98017, (0.0423, 1.6818, 0.6412), (-0.9779, -0.1722, -0.1181)
33.10635, (-0.0001, 1.6837, 0.6525), (-0.9742, -0.1798, -0.1365)
33.21627, (-0.0355, 1.6824, 0.6568), (-0.9712, -0.1835, -0.1522)
33.32775, (-0.0711, 1.6806, 0.6553), (-0.9675, -0.1931, -0.1632)
33.45043, (-0.1127, 1.6789, 0.6465), (-0.9666, -0.1987, -0.1617)
33.56934, (-0.1524, 1.6748, 0.6307), (-0.9666, -0.1978, -0.1632)
33.67435, (-0.1954, 1.6733, 0.6103), (-0.9686, -0.1973, -0.1514)
33.78595, (-0.2407, 1.6790, 0.5879), (-0.9714, -0.1928, -0.1384)
33.90862, (-0.2843, 1.6808, 0.5653), (-0.9738, -0.1827, -0.1357)
34.02791, (-0.3187, 1.6803, 0.5514), (-0.9746, -0.1826, -0.1296)
34.13195, (-0.3486, 1.6830, 0.5427), (-0.9752, -0.1874, -0.1177)
34.25509, (-0.3771, 1.6825, 0.5383), (-0.9765, -0.1868, -0.1080)
34.37059, (-0.4024, 1.6817, 0.5389), (-0.9763, -0.1908, -0.1022)
34.47829, (-0.4306, 1.6806, 0.5437), (-0.9753, -0.1979, -0.0983)
34.58955, (-0.4617, 1.6788, 0.5511), (-0.9736, -0.2006, -0.1087)
34.71331, (-0.4996, 1.6782, 0.5638), (-0.9710, -0.2019, -0.1282)
34.82831, (-0.5344, 1.6818, 0.5790), (-0.9697, -0.1894, -0.1542)
34.93657, (-0.5686, 1.6847, 0.5971), (-0.9696, -0.1835, -0.1618)
35.05907, (-0.6025, 1.6856, 0.6139), (-0.9688, -0.1785, -0.1716)
35.18176, (-0.6318, 1.6850, 0.6259), (-0.9668, -0.1825, -0.1790)
35.30509, (-0.6595, 1.6863, 0.6316), (-0.9663, -0.1840, -0.1800)
35.41705, (-0.6828, 1.6854, 0.6318), (-0.9651, -0.1844, -0.1860)
35.52802, (-0.7053, 1.6845, 0.6273), (-0.9640, -0.1918, -0.1842)
35.63983, (-0.7280, 1.6840, 0.6178), (-0.9637, -0.1922, -0.1854)
35.7652, (-0.7538, 1.6824, 0.6027), (-0.9660, -0.1873, -0.1785)
35.88676, (-0.7824, 1.6836, 0.5843), (-0.9683, -0.1919, -0.1599)
36.01039, (-0.8094, 1.6873, 0.5660), (-0.9717, -0.1817, -0.1509)
36.13211, (-0.8340, 1.6894, 0.5490), (-0.9738, -0.1776, -0.1423)
36.26627, (-0.8582, 1.6898, 0.5294), (-0.9749, -0.1779, -0.1338)
36.39227, (-0.8766, 1.6897, 0.5138), (-0.9745, -0.1794, -0.1345)
36.49972, (-0.8919, 1.6903, 0.5007), (-0.9743, -0.1787, -0.1369)
36.61139, (-0.9052, 1.6896, 0.4876), (-0.9747, -0.1778, -0.1353)
36.7262, (-0.9184, 1.6879, 0.4762), (-0.9741, -0.1823, -0.1336)
36.83577, (-0.9323, 1.6870, 0.4687), (-0.9723, -0.1932, -0.1316)
36.94752, (-0.9492, 1.6862, 0.4648), (-0.9719, -0.1941, -0.1331)
37.06989, (-0.9737, 1.6846, 0.4642), (-0.9726, -0.1936, -0.1286)
37.19387, (-1.0089, 1.6828, 0.4664), (-0.9714, -0.1952, -0.1350)
37.30497, (-1.0495, 1.6810, 0.4691), (-0.9685, -0.1933, -0.1567)
37.42712, (-1.1009, 1.6808, 0.4771), (-0.9652, -0.1824, -0.1874)
37.55017, (-1.1590, 1.6877, 0.4895), (-0.9613, -0.1725, -0.2150)
37.66537, (-1.2066, 1.6919, 0.5002), (-0.9603, -0.1613, -0.2278)
37.77323, (-1.2474, 1.6937, 0.5064), (-0.9577, -0.1662, -0.2350)
37.88536, (-1.2864, 1.6954, 0.5062), (-0.9576, -0.1628, -0.2376)
38.00184, (-1.3254, 1.6937, 0.5004), (-0.9548, -0.1715, -0.2429)
38.11676, (-1.3665, 1.6914, 0.4874), (-0.9547, -0.1826, -0.2348)
38.22172, (-1.4084, 1.6877, 0.4672), (-0.9566, -0.1913, -0.2197)
38.33258, (-1.4502, 1.6838, 0.4401), (-0.9597, -0.1921, -0.2053)
38.45463, (-1.4956, 1.6896, 0.4086), (-0.9628, -0.1894, -0.1925)
38.57987, (-1.5288, 1.6927, 0.3856), (-0.9635, -0.1779, -0.2002)
38.68895, (-1.5597, 1.6932, 0.3676), (-0.9608, -0.1805, -0.2102)
38.8008, (-1.5845, 1.6950, 0.3579), (-0.9567, -0.1861, -0.2237)
38.91625, (-1.6084, 1.6955, 0.3555), (-0.9554, -0.1885, -0.2274)
39.02758, (-1.6318, 1.6951, 0.3623), (-0.9550, -0.1916, -0.2262)
39.14756, (-1.6510, 1.6948, 0.3796), (-0.9519, -0.1913, -0.2395)
39.26939, (-1.6669, 1.7005, 0.3983), (-0.9513, -0.1736, -0.2549)
39.38489, (-1.6786, 1.7009, 0.4114), (-0.9567, -0.1499, -0.2496)
39.49335, (-1.6886, 1.7022, 0.4188), (-0.9582, -0.1463, -0.2460)
39.60753, (-1.6962, 1.7042, 0.4222), (-0.9614, -0.1398, -0.2370)
39.72823, (-1.7029, 1.7054, 0.4228), (-0.9643, -0.1321, -0.2295)
39.85131, (-1.7071, 1.7058, 0.4212), (-0.9646, -0.1332, -0.2275)
39.96247, (-1.7080, 1.7068, 0.4187), (-0.9667, -0.1317, -0.2194)
40.07565, (-1.7078, 1.7067, 0.4151), (-0.9677, -0.1287, -0.2166)
40.20582, (-1.7081, 1.7064, 0.4121), (-0.9673, -0.1336, -0.2155)
40.3129, (-1.7071, 1.7067, 0.4089), (-0.9667, -0.1316, -0.2195)
40.41951, (-1.7061, 1.7065, 0.4072), (-0.9663, -0.1298, -0.2222)
40.53168, (-1.7063, 1.7064, 0.4064), (-0.9660, -0.1289, -0.2241)
40.65498, (-1.7071, 1.7066, 0.4060), (-0.9651, -0.1274, -0.2287)
40.77326, (-1.7093, 1.7069, 0.4071), (-0.9647, -0.1242, -0.2321)
40.87934, (-1.7129, 1.7067, 0.4097), (-0.9651, -0.1244, -0.2305)
40.99015, (-1.7185, 1.7063, 0.4122), (-0.9641, -0.1263, -0.2337)
41.1123, (-1.7292, 1.7036, 0.4142), (-0.9605, -0.1361, -0.2427)
41.24545, (-1.7431, 1.7018, 0.4122), (-0.9555, -0.1462, -0.2561)
41.34733, (-1.7618, 1.7023, 0.4056), (-0.9508, -0.1605, -0.2650)
41.45853, (-1.7821, 1.7032, 0.3941), (-0.9484, -0.1565, -0.2757)
41.57247, (-1.8024, 1.7016, 0.3777), (-0.9493, -0.1581, -0.2719)
41.68338, (-1.8196, 1.7007, 0.3567), (-0.9531, -0.1621, -0.2556)
41.79646, (-1.8342, 1.7050, 0.3335), (-0.9591, -0.1468, -0.2420)
41.90741, (-1.8488, 1.7057, 0.3114), (-0.9650, -0.1442, -0.2190)
42.02967, (-1.8638, 1.7040, 0.2911), (-0.9664, -0.1507, -0.2080)
42.1448, (-1.8748, 1.7042, 0.2780), (-0.9654, -0.1583, -0.2073)
42.26323, (-1.8833, 1.7049, 0.2704), (-0.9661, -0.1520, -0.2088)
42.38679, (-1.8893, 1.7047, 0.2677), (-0.9654, -0.1544, -0.2103)
42.50338, (-1.8921, 1.7057, 0.2689), (-0.9640, -0.1521, -0.2180)
42.60923, (-1.8951, 1.7075, 0.2703), (-0.9625, -0.1423, -0.2311)
42.72179, (-1.8989, 1.7085, 0.2726), (-0.9625, -0.1404, -0.2319)
42.83382, (-1.9018, 1.7084, 0.2752), (-0.9618, -0.1422, -0.2338)
42.95529, (-1.9037, 1.7088, 0.2779), (-0.9604, -0.1418, -0.2397)
43.05917, (-1.9044, 1.7102, 0.2815), (-0.9613, -0.1322, -0.2417)
43.18439, (-1.9061, 1.7112, 0.2846), (-0.9631, -0.1241, -0.2389)
43.30291, (-1.9077, 1.7113, 0.2872), (-0.9635, -0.1251, -0.2365)
43.43332, (-1.9088, 1.7119, 0.2894), (-0.9643, -0.1202, -0.2361)
43.53669, (-1.9095, 1.7122, 0.2906), (-0.9649, -0.1172, -0.2349)
43.65943, (-1.9106, 1.7122, 0.2909), (-0.9651, -0.1161, -0.2348)
43.7722, (-1.9118, 1.7123, 0.2911), (-0.9651, -0.1157, -0.2350)
43.89176, (-1.9129, 1.7120, 0.2911), (-0.9645, -0.1162, -0.2373)
43.99495, (-1.9144, 1.7119, 0.2919), (-0.9637, -0.1177, -0.2397)
44.10731, (-1.9159, 1.7122, 0.2925), (-0.9640, -0.1166, -0.2389)
44.23025, (-1.9177, 1.7123, 0.2928), (-0.9642, -0.1180, -0.2373)
44.34229, (-1.9189, 1.7120, 0.2927), (-0.9635, -0.1186, -0.2399)
44.46431, (-1.9200, 1.7124, 0.2933), (-0.9641, -0.1160, -0.2388)
44.58616, (-1.9212, 1.7126, 0.2932), (-0.9650, -0.1137, -0.2365)
44.70177, (-1.9218, 1.7127, 0.2926), (-0.9642, -0.1119, -0.2402)
(-1.6686, -0.0137, -0.0623)
ETS ON
2.0000
Radius 2.0000 1.0000
