113.0634, (-0.2407, 1.6883, -0.1885), (-0.9315, -0.1615, 0.3260)
113.198, (-0.2460, 1.6883, -0.1864), (-0.9370, -0.1670, 0.3069)
113.3219, (-0.2493, 1.6880, -0.1846), (-0.9430, -0.1726, 0.2846)
113.4465, (-0.2494, 1.6882, -0.1836), (-0.9482, -0.1745, 0.2655)
113.5563, (-0.2472, 1.6888, -0.1828), (-0.9502, -0.1751, 0.2578)
113.6779, (-0.2428, 1.6893, -0.1838), (-0.9446, -0.1784, 0.2755)
113.8192, (-0.2380, 1.6884, -0.1860), (-0.9189, -0.1937, 0.3436)
113.9586, (-0.2350, 1.6858, -0.1857), (-0.8599, -0.2132, 0.4638)
114.082, (-0.2253, 1.6791, -0.1763), (-0.7905, -0.2472, 0.5603)
114.2046, (-0.2050, 1.6756, -0.1571), (-0.7301, -0.2617, 0.6312)
114.3162, (-0.1700, 1.6741, -0.1271), (-0.6876, -0.2580, 0.6787)
114.4469, (-0.1328, 1.6737, -0.0890), (-0.6682, -0.2556, 0.6987)
114.57, (-0.1104, 1.6767, -0.0567), (-0.6778, -0.2485, 0.6920)
114.6927, (-0.0963, 1.6730, -0.0370), (-0.6862, -0.2694, 0.6757)
114.805, (-0.0920, 1.6745, -0.0313), (-0.6937, -0.2566, 0.6730)
114.9351, (-0.0981, 1.6763, -0.0380), (-0.6992, -0.2426, 0.6726)
115.0683, (-0.1222, 1.6778, -0.0623), (-0.7201, -0.2244, 0.6566)
115.2095, (-0.1590, 1.6777, -0.1010), (-0.7573, -0.2361, 0.6089)
115.3319, (-0.1903, 1.6762, -0.1361), (-0.7842, -0.2460, 0.5696)
115.453, (-0.2158, 1.6760, -0.1643), (-0.8117, -0.2459, 0.5298)
115.5633, (-0.2355, 1.6750, -0.1919), (-0.8394, -0.2591, 0.4778)
115.6858, (-0.2469, 1.6766, -0.2098), (-0.8588, -0.2371, 0.4542)
115.8145, (-0.2531, 1.6758, -0.2202), (-0.8627, -0.2426, 0.4438)
115.9348, (-0.2576, 1.6788, -0.2242), (-0.8611, -0.2227, 0.4570)
116.0439, (-0.2576, 1.6806, -0.2247), (-0.8479, -0.2148, 0.4847)
116.176, (-0.2561, 1.6792, -0.2230), (-0.8242, -0.2299, 0.5175)
116.3162, (-0.2524, 1.6789, -0.2222), (-0.8093, -0.2265, 0.5419)
116.4501, (-0.2474, 1.6780, -0.2223), (-0.8004, -0.2242, 0.5560)
116.5884, (-0.2441, 1.6791, -0.2231), (-0.7906, -0.2210, 0.5710)
116.7128, (-0.2430, 1.6783, -0.2246), (-0.7824, -0.2239, 0.5811)
116.8254, (-0.2406, 1.6758, -0.2285), (-0.7763, -0.2336, 0.5855)
116.953, (-0.2373, 1.6764, -0.2315), (-0.7752, -0.2283, 0.5891)
117.0757, (-0.2335, 1.6755, -0.2331), (-0.7711, -0.2298, 0.5938)
117.2097, (-0.2304, 1.6754, -0.2341), (-0.7729, -0.2295, 0.5916)
117.3376, (-0.2282, 1.6753, -0.2358), (-0.7753, -0.2301, 0.5882)
117.4498, (-0.2271, 1.6757, -0.2364), (-0.7801, -0.2267, 0.5831)
117.5814, (-0.2271, 1.6759, -0.2390), (-0.7940, -0.2253, 0.5647)
117.7162, (-0.2286, 1.6760, -0.2434), (-0.8327, -0.2078, 0.5133)
117.8311, (-0.2328, 1.6772, -0.2450), (-0.8806, -0.2009, 0.4291)
117.9585, (-0.2365, 1.6759, -0.2395), (-0.9235, -0.2147, 0.3180)
118.068, (-0.2348, 1.6770, -0.2266), (-0.9580, -0.2287, 0.1731)
118.1919, (-0.2313, 1.6800, -0.2113), (-0.9759, -0.2180, -0.0074)
118.3155, (-0.2243, 1.6791, -0.1990), (-0.9541, -0.2193, -0.2040)
118.4357, (-0.2115, 1.6771, -0.1956), (-0.8533, -0.2298, -0.4681)
118.5546, (-0.1948, 1.6748, -0.1959), (-0.6877, -0.2367, -0.6864)
118.6759, (-0.1782, 1.6721, -0.1916), (-0.5456, -0.2436, -0.8018)
118.7918, (-0.1673, 1.6715, -0.1880), (-0.4777, -0.2266, -0.8488)
118.9171, (-0.1632, 1.6689, -0.1864), (-0.4630, -0.2319, -0.8555)
119.0433, (-0.1653, 1.6700, -0.1864), (-0.4778, -0.2362, -0.8461)
119.1549, (-0.1754, 1.6735, -0.1867), (-0.5389, -0.2311, -0.8100)
119.2896, (-0.1982, 1.6770, -0.1849), (-0.6980, -0.2204, -0.6814)
119.4095, (-0.2233, 1.6785, -0.1781), (-0.8721, -0.2202, -0.4370)
119.5303, (-0.2412, 1.6779, -0.1675), (-0.9656, -0.2298, -0.1219)
119.6395, (-0.2488, 1.6760, -0.1577), (-0.9554, -0.2496, 0.1577)
119.7625, (-0.2494, 1.6725, -0.1485), (-0.8629, -0.2741, 0.4246)
119.8923, (-0.2436, 1.6656, -0.1425), (-0.7289, -0.3093, 0.6108)
120.0335, (-0.2335, 1.6614, -0.1353), (-0.5840, -0.3339, 0.7399)
120.1741, (-0.2238, 1.6601, -0.1212), (-0.5003, -0.3392, 0.7966)
120.3095, (-0.2176, 1.6602, -0.0924), (-0.4556, -0.3365, 0.8241)
120.4223, (-0.2131, 1.6567, -0.0547), (-0.4461, -0.3319, 0.8312)
120.5459, (-0.2115, 1.6577, -0.0026), (-0.4598, -0.3266, 0.8258)
120.6796, (-0.2160, 1.6649, 0.0600), (-0.4929, -0.3193, 0.8094)
120.8083, (-0.2170, 1.6677, 0.1131), (-0.4973, -0.3262, 0.8039)
120.9283, (-0.2089, 1.6654, 0.1524), (-0.4351, -0.3310, 0.8374)
121.046, (-0.2024, 1.6665, 0.1941), (-0.3080, -0.3370, 0.8897)
121.1706, (-0.2045, 1.6659, 0.2208), (-0.2179, -0.3385, 0.9154)
121.3179, (-0.2148, 1.6595, 0.2399), (-0.1000, -0.3600, 0.9276)
121.45, (-0.2264, 1.6582, 0.2439), (0.0752, -0.3827, 0.9208)
121.5738, (-0.2395, 1.6591, 0.2400), (0.2718, -0.3823, 0.8832)
121.6848, (-0.2536, 1.6554, 0.2318), (0.4247, -0.3920, 0.8160)
121.8074, (-0.2664, 1.6531, 0.2177), (0.5682, -0.4002, 0.7191)
121.931, (-0.2804, 1.6522, 0.2071), (0.6407, -0.4056, 0.6519)
122.0627, (-0.2904, 1.6528, 0.2059), (0.6647, -0.4047, 0.6281)
122.1894, (-0.2901, 1.6552, 0.2142), (0.6729, -0.3974, 0.6239)
122.3058, (-0.2801, 1.6542, 0.2320), (0.6660, -0.3895, 0.6362)
122.4267, (-0.2609, 1.6529, 0.2576), (0.6485, -0.3816, 0.6587)
122.5577, (-0.2313, 1.6582, 0.2924), (0.6191, -0.3726, 0.6913)
122.7023, (-0.2005, 1.6605, 0.3303), (0.5719, -0.3579, 0.7382)
122.8226, (-0.1843, 1.6624, 0.3627), (0.5118, -0.3527, 0.7834)
122.9361, (-0.1882, 1.6657, 0.3918), (0.3614, -0.3361, 0.8697)
123.0609, (-0.2166, 1.6710, 0.4176), (0.0411, -0.3117, 0.9493)
123.1833, (-0.2661, 1.6747, 0.4230), (-0.4066, -0.2896, 0.8665)
123.3056, (-0.3165, 1.6752, 0.4014), (-0.7534, -0.2673, 0.6007)
123.4354, (-0.3557, 1.6762, 0.3757), (-0.9043, -0.2662, 0.3337)
123.5458, (-0.3963, 1.6751, 0.3437), (-0.9604, -0.2711, 0.0641)
123.6672, (-0.4343, 1.6719, 0.3114), (-0.9568, -0.2672, -0.1148)
123.7846, (-0.4745, 1.6728, 0.2874), (-0.9421, -0.2716, -0.1965)
123.9168, (-0.5135, 1.6708, 0.2680), (-0.9401, -0.2713, -0.2063)
124.0374, (-0.5471, 1.6674, 0.2537), (-0.9399, -0.2843, -0.1889)
124.164, (-0.5776, 1.6681, 0.2451), (-0.9451, -0.2858, -0.1586)
124.2904, (-0.6006, 1.6697, 0.2575), (-0.9590, -0.2829, -0.0180)
124.4125, (-0.6132, 1.6684, 0.2975), (-0.9002, -0.3101, 0.3057)
124.5316, (-0.5995, 1.6635, 0.3477), (-0.6918, -0.3390, 0.6375)
124.6438, (-0.5599, 1.6606, 0.3984), (-0.3589, -0.3552, 0.8631)
124.7678, (-0.5067, 1.6554, 0.4390), (-0.0504, -0.3676, 0.9286)
124.8941, (-0.4507, 1.6539, 0.4809), (0.2084, -0.3858, 0.8987)
125.0362, (-0.3943, 1.6537, 0.5233), (0.4133, -0.3935, 0.8212)
125.1652, (-0.3550, 1.6533, 0.5553), (0.4924, -0.4017, 0.7721)
125.2855, (-0.3237, 1.6536, 0.5850), (0.5143, -0.4102, 0.7531)
125.4155, (-0.2958, 1.6544, 0.6078), (0.5444, -0.4062, 0.7339)
125.5503, (-0.2732, 1.6535, 0.6262), (0.5472, -0.4056, 0.7322)
125.6723, (-0.2576, 1.6517, 0.6424), (0.5441, -0.4071, 0.7337)
125.7962, (-0.2491, 1.6500, 0.6576), (0.5329, -0.4187, 0.7353)
125.9093, (-0.2488, 1.6527, 0.6712), (0.5323, -0.4165, 0.7370)
126.0325, (-0.2562, 1.6524, 0.6864), (0.5446, -0.4142, 0.7292)
126.165, (-0.2678, 1.6508, 0.7029), (0.5954, -0.4139, 0.6886)
126.3072, (-0.2807, 1.6533, 0.7185), (0.6849, -0.4078, 0.6039)
126.443, (-0.2951, 1.6564, 0.7369), (0.7673, -0.4091, 0.4938)
126.5657, (-0.3067, 1.6556, 0.7511), (0.8150, -0.4125, 0.4069)
126.6769, (-0.3204, 1.6540, 0.7652), (0.8439, -0.4175, 0.3369)
126.7999, (-0.3341, 1.6536, 0.7769), (0.8623, -0.4166, 0.2878)
126.929, (-0.3457, 1.6519, 0.7879), (0.8734, -0.4155, 0.2542)
127.0553, (-0.3524, 1.6499, 0.7993), (0.8762, -0.4139, 0.2471)
127.1704, (-0.3477, 1.6515, 0.8096), (0.8803, -0.4058, 0.2459)
127.2929, (-0.3323, 1.6523, 0.8230), (0.8800, -0.3955, 0.2631)
127.4177, (-0.3043, 1.6498, 0.8353), (0.8784, -0.3958, 0.2678)
127.5569, (-0.2621, 1.6501, 0.8505), (0.8689, -0.3944, 0.2990)
127.6895, (-0.2169, 1.6562, 0.8699), (0.8546, -0.3802, 0.3536)
127.7962, (-0.1866, 1.6582, 0.8906), (0.8255, -0.3698, 0.4263)
127.9182, (-0.1734, 1.6644, 0.9279), (0.7112, -0.3510, 0.6091)
128.0388, (-0.1908, 1.6664, 0.9726), (0.4004, -0.3377, 0.8518)
128.1636, (-0.2380, 1.6642, 1.0026), (-0.0670, -0.3415, 0.9375)
128.2898, (-0.2948, 1.6621, 1.0114), (-0.4593, -0.3480, 0.8173)
128.3996, (-0.3437, 1.6592, 1.0081), (-0.6750, -0.3482, 0.6505)
128.5208, (-0.3906, 1.6572, 1.0070), (-0.7828, -0.3478, 0.5161)
128.6432, (-0.4325, 1.6604, 1.0174), (-0.8093, -0.3444, 0.4759)
128.7677, (-0.4695, 1.6611, 1.0319), (-0.8043, -0.3444, 0.4842)
128.8837, (-0.4972, 1.6616, 1.0440), (-0.7966, -0.3431, 0.4977)
129.0153, (-0.5193, 1.6627, 1.0607), (-0.7617, -0.3418, 0.5504)
129.1429, (-0.5204, 1.6639, 1.0808), (-0.6231, -0.3530, 0.6979)
129.2695, (-0.4951, 1.6600, 1.1018), (-0.2474, -0.3860, 0.8887)
129.392, (-0.4525, 1.6512, 1.1027), (0.1913, -0.4122, 0.8908)
129.5042, (-0.4097, 1.6492, 1.0891), (0.4999, -0.4256, 0.7543)
129.635, (-0.3608, 1.6518, 1.0704), (0.7098, -0.4192, 0.5660)
129.7499, (-0.3097, 1.6508, 1.0526), (0.8280, -0.4135, 0.3789)
129.8717, (-0.2580, 1.6524, 1.0417), (0.8813, -0.3954, 0.2588)
130.007, (-0.1995, 1.6569, 1.0438), (0.8930, -0.3878, 0.2286)
130.1205, (-0.1574, 1.6558, 1.0537), (0.8871, -0.3881, 0.2501)
130.2472, (-0.1222, 1.6588, 1.0717), (0.8765, -0.3866, 0.2867)
130.3769, (-0.1061, 1.6623, 1.1075), (0.8042, -0.3731, 0.4626)
130.5012, (-0.1196, 1.6613, 1.1519), (0.5762, -0.3729, 0.7273)
130.6091, (-0.1578, 1.6605, 1.1872), (0.2204, -0.3834, 0.8969)
130.7318, (-0.2179, 1.6607, 1.2080), (-0.2185, -0.3791, 0.8992)
130.8542, (-0.2793, 1.6599, 1.2126), (-0.5200, -0.3655, 0.7720)
130.9875, (-0.3338, 1.6593, 1.2168), (-0.6716, -0.3527, 0.6516)
131.1162, (-0.3871, 1.6618, 1.2295), (-0.7469, -0.3324, 0.5759)
131.2312, (-0.4296, 1.6644, 1.2445), (-0.7721, -0.3307, 0.5426)
131.3576, (-0.4701, 1.6642, 1.2576), (-0.7805, -0.3230, 0.5352)
131.4833, (-0.4993, 1.6633, 1.2665), (-0.7818, -0.3282, 0.5302)
131.6062, (-0.5208, 1.6637, 1.2744), (-0.7756, -0.3304, 0.5379)
131.7357, (-0.5349, 1.6631, 1.2803), (-0.7615, -0.3302, 0.5578)
131.8489, (-0.5407, 1.6623, 1.2897), (-0.7279, -0.3360, 0.5977)
131.972, (-0.5250, 1.6611, 1.3122), (-0.5599, -0.3496, 0.7512)
132.096, (-0.4853, 1.6577, 1.3326), (-0.2225, -0.3754, 0.8998)
132.2174, (-0.4275, 1.6554, 1.3378), (0.2138, -0.3930, 0.8943)
132.3302, (-0.3743, 1.6556, 1.3266), (0.5001, -0.3927, 0.7718)
132.4846, (-0.3085, 1.6555, 1.3062), (0.6857, -0.3900, 0.6146)
132.6183, (-0.2449, 1.6537, 1.2904), (0.7479, -0.3913, 0.5363)
132.7447, (-0.1740, 1.6528, 1.2800), (0.7788, -0.3999, 0.4832)
132.8677, (-0.1117, 1.6571, 1.2728), (0.7920, -0.3940, 0.4664)
132.9917, (-0.0623, 1.6566, 1.2675), (0.7870, -0.3949, 0.4741)
133.1131, (-0.0284, 1.6568, 1.2657), (0.7815, -0.3945, 0.4833)
133.2347, (0.0039, 1.6568, 1.2649), (0.7808, -0.3967, 0.4827)
133.3597, (0.0323, 1.6553, 1.2632), (0.7905, -0.4024, 0.4618)
133.4804, (0.0574, 1.6525, 1.2584), (0.8024, -0.4160, 0.4280)
133.6035, (0.0712, 1.6510, 1.2546), (0.8070, -0.4209, 0.4142)
133.7232, (0.0784, 1.6505, 1.2508), (0.8080, -0.4209, 0.4123)
133.8585, (0.0832, 1.6512, 1.2462), (0.8104, -0.4179, 0.4105)
133.9877, (0.0951, 1.6512, 1.2360), (0.8420, -0.4124, 0.3479)
134.1086, (0.1185, 1.6499, 1.2173), (0.8894, -0.3989, 0.2232)
134.2339, (0.1411, 1.6465, 1.1992), (0.9093, -0.3970, 0.1245)
134.3431, (0.1584, 1.6442, 1.1860), (0.9120, -0.4063, 0.0571)
134.4646, (0.1677, 1.6459, 1.1835), (0.9118, -0.4092, 0.0337)
134.597, (0.1707, 1.6452, 1.1897), (0.9111, -0.4115, 0.0247)
134.7196, (0.1683, 1.6454, 1.2042), (0.9119, -0.4095, 0.0271)
134.8305, (0.1614, 1.6447, 1.2249), (0.9121, -0.4094, 0.0210)
134.9643, (0.1527, 1.6444, 1.2564), (0.9164, -0.4000, 0.0162)
135.096, (0.1469, 1.6488, 1.2995), (0.9172, -0.3981, 0.0160)
135.2347, (0.1446, 1.6506, 1.3436), (0.9170, -0.3983, 0.0206)
135.3591, (0.1423, 1.6518, 1.3861), (0.9174, -0.3960, 0.0388)
135.4786, (0.1404, 1.6533, 1.4164), (0.9153, -0.3992, 0.0538)
135.5912, (0.1366, 1.6549, 1.4452), (0.9182, -0.3896, 0.0714)
135.7148, (0.1306, 1.6554, 1.4726), (0.9178, -0.3840, 0.1011)
135.8363, (0.1250, 1.6563, 1.4924), (0.9183, -0.3786, 0.1159)
135.9715, (0.1274, 1.6553, 1.5033), (0.9185, -0.3769, 0.1194)
136.0832, (0.1371, 1.6543, 1.5066), (0.9161, -0.3820, 0.1218)
136.2194, (0.1583, 1.6527, 1.5063), (0.9137, -0.3843, 0.1321)
136.3517, (0.1878, 1.6497, 1.5006), (0.9088, -0.3909, 0.1460)
136.4753, (0.2201, 1.6535, 1.4927), (0.9067, -0.3860, 0.1698)
136.6003, (0.2481, 1.6583, 1.4938), (0.8905, -0.3709, 0.2634)
136.7196, (0.2633, 1.6615, 1.5149), (0.7785, -0.3661, 0.5098)
136.8405, (0.2554, 1.6629, 1.5472), (0.5092, -0.3543, 0.7844)
136.9651, (0.2286, 1.6619, 1.5734), (0.1524, -0.3496, 0.9244)
137.1041, (0.1940, 1.6590, 1.5847), (-0.2039, -0.3547, 0.9125)
137.2373, (0.1658, 1.6575, 1.5837), (-0.4676, -0.3515, 0.8111)
137.3504, (0.1562, 1.6563, 1.5826), (-0.5534, -0.3532, 0.7543)
137.4918, (0.1529, 1.6573, 1.5853), (-0.5776, -0.3531, 0.7360)
137.6228, (0.1558, 1.6573, 1.5896), (-0.5435, -0.3602, 0.7582)
137.746, (0.1620, 1.6584, 1.5938), (-0.4776, -0.3632, 0.8000)
137.8637, (0.1795, 1.6598, 1.5984), (-0.3129, -0.3651, 0.8768)
137.991, (0.2106, 1.6604, 1.6019), (0.0304, -0.3758, 0.9262)
138.1086, (0.2579, 1.6592, 1.5895), (0.4964, -0.3763, 0.7823)
138.227, (0.2919, 1.6581, 1.5637), (0.7582, -0.3770, 0.5320)
138.351, (0.3126, 1.6583, 1.5304), (0.8564, -0.3971, 0.3301)
138.4724, (0.3253, 1.6577, 1.5038), (0.8961, -0.4036, 0.1847)
138.5853, (0.3330, 1.6578, 1.4895), (0.9021, -0.4084, 0.1392)
138.7242, (0.3409, 1.6585, 1.4811), (0.8975, -0.4159, 0.1465)
138.8544, (0.3484, 1.6596, 1.4762), (0.8913, -0.4160, 0.1805)
138.9761, (0.3539, 1.6599, 1.4762), (0.8802, -0.4071, 0.2439)
139.0998, (0.3530, 1.6559, 1.4872), (0.8402, -0.4068, 0.3586)
139.2331, (0.3392, 1.6510, 1.5155), (0.7502, -0.4475, 0.4868)
139.3439, (0.3165, 1.6501, 1.5442), (0.6992, -0.4524, 0.5536)
139.4681, (0.2856, 1.6545, 1.5730), (0.6658, -0.4522, 0.5935)
139.6002, (0.2550, 1.6588, 1.5930), (0.6671, -0.4416, 0.6000)
139.7245, (0.2284, 1.6591, 1.6068), (0.6859, -0.4300, 0.5871)
139.8442, (0.2134, 1.6520, 1.6163), (0.6875, -0.4441, 0.5746)
139.9719, (0.2103, 1.6529, 1.6272), (0.6762, -0.4639, 0.5723)
140.1071, (0.2237, 1.6479, 1.6384), (0.6480, -0.4898, 0.5832)
140.2381, (0.2514, 1.6448, 1.6506), (0.6171, -0.4944, 0.6122)
140.3625, (0.2957, 1.6438, 1.6656), (0.5787, -0.4787, 0.6602)
140.4843, (0.3420, 1.6489, 1.6818), (0.5047, -0.4657, 0.7270)
140.5957, (0.3793, 1.6566, 1.6954), (0.4128, -0.4352, 0.8001)
140.718, (0.4118, 1.6604, 1.7094), (0.2616, -0.4046, 0.8763)
140.8398, (0.4320, 1.6643, 1.7251), (0.0864, -0.3827, 0.9198)
140.9754, (0.4404, 1.6640, 1.7401), (-0.1327, -0.3824, 0.9144)
141.0873, (0.4419, 1.6650, 1.7503), (-0.2768, -0.3758, 0.8844)
141.2308, (0.4415, 1.6633, 1.7584), (-0.3795, -0.3778, 0.8445)
141.3593, (0.4444, 1.6617, 1.7664), (-0.3950, -0.3873, 0.8331)
141.4829, (0.4484, 1.6617, 1.7741), (-0.3512, -0.3916, 0.8505)
141.6042, (0.4507, 1.6611, 1.7813), (-0.2720, -0.3969, 0.8767)
141.7357, (0.4451, 1.6615, 1.7890), (-0.1861, -0.3967, 0.8989)
141.8453, (0.4302, 1.6645, 1.7940), (-0.1489, -0.3972, 0.9056)
141.9698, (0.4134, 1.6665, 1.7967), (-0.1288, -0.3862, 0.9134)
142.0926, (0.3971, 1.6658, 1.7978), (-0.1430, -0.3884, 0.9103)
142.2161, (0.3688, 1.6647, 1.7977), (-0.2348, -0.3819, 0.8939)
142.3277, (0.3364, 1.6652, 1.8001), (-0.3224, -0.3819, 0.8662)
142.4749, (0.2901, 1.6659, 1.8049), (-0.4007, -0.3788, 0.8342)
142.6063, (0.2368, 1.6649, 1.8064), (-0.5187, -0.3818, 0.7650)
142.7391, (0.1818, 1.6643, 1.7995), (-0.6633, -0.3686, 0.6513)
142.8573, (0.1348, 1.6647, 1.7854), (-0.7937, -0.3574, 0.4922)
142.9839, (0.0946, 1.6665, 1.7677), (-0.8847, -0.3554, 0.3015)
143.1068, (0.0659, 1.6695, 1.7534), (-0.9254, -0.3465, 0.1539)
143.2387, (0.0426, 1.6690, 1.7414), (-0.9374, -0.3450, 0.0481)
143.365, (0.0271, 1.6675, 1.7362), (-0.9343, -0.3559, 0.0223)
143.489, (0.0188, 1.6679, 1.7369), (-0.9336, -0.3571, 0.0292)
143.6119, (0.0146, 1.6672, 1.7438), (-0.9302, -0.3591, 0.0761)
143.7369, (0.0173, 1.6682, 1.7604), (-0.9085, -0.3582, 0.2153)
143.8704, (0.0379, 1.6705, 1.7935), (-0.7968, -0.3481, 0.4939)
144.0004, (0.0824, 1.6690, 1.8251), (-0.5586, -0.3491, 0.7524)
144.1255, (0.1604, 1.6643, 1.8441), (-0.1989, -0.3574, 0.9125)
144.2493, (0.2447, 1.6600, 1.8448), (0.1171, -0.3573, 0.9266)
144.3602, (0.3267, 1.6618, 1.8394), (0.3863, -0.3637, 0.8477)
144.4829, (0.4215, 1.6603, 1.8204), (0.6569, -0.3665, 0.6590)
144.6173, (0.5124, 1.6554, 1.7924), (0.8317, -0.3828, 0.4022)
144.7396, (0.5704, 1.6515, 1.7776), (0.8711, -0.3958, 0.2908)
144.8613, (0.6085, 1.6495, 1.7742), (0.8694, -0.4112, 0.2740)
145.019, (0.6368, 1.6502, 1.7756), (0.8616, -0.4189, 0.2866)
145.2618, (0.6527, 1.6522, 1.7828), (0.8406, -0.4171, 0.3455)
145.487, (0.6472, 1.6553, 1.7930), (0.7959, -0.4100, 0.4455)
145.6651, (0.6099, 1.6585, 1.8261), (0.5925, -0.3858, 0.7072)
145.7919, (0.5608, 1.6588, 1.8486), (0.3102, -0.3729, 0.8745)
145.9047, (0.4863, 1.6639, 1.8576), (-0.0476, -0.3475, 0.9365)
146.0241, (0.4139, 1.6657, 1.8491), (-0.2998, -0.3360, 0.8929)
146.1532, (0.3475, 1.6673, 1.8380), (-0.3995, -0.3451, 0.8493)
146.3125, (0.2756, 1.6694, 1.8317), (-0.4189, -0.3462, 0.8394)
146.4494, (0.2168, 1.6677, 1.8252), (-0.4341, -0.3480, 0.8310)
146.5884, (0.1695, 1.6673, 1.8179), (-0.4790, -0.3492, 0.8054)
146.7157, (0.1145, 1.6685, 1.8015), (-0.6113, -0.3371, 0.7160)
146.8541, (0.0579, 1.6674, 1.7696), (-0.7923, -0.3212, 0.5188)
146.9855, (0.0220, 1.6685, 1.7413), (-0.8912, -0.3184, 0.3230)
147.1152, (0.0041, 1.6702, 1.7277), (-0.9257, -0.3215, 0.1991)
147.2474, (-0.0040, 1.6682, 1.7278), (-0.9331, -0.3379, 0.1231)
147.3693, (-0.0006, 1.6669, 1.7351), (-0.9333, -0.3521, 0.0710)
147.4797, (0.0078, 1.6706, 1.7473), (-0.9352, -0.3526, 0.0324)
147.5992, (0.0176, 1.6731, 1.7622), (-0.9377, -0.3471, 0.0125)
147.7217, (0.0256, 1.6724, 1.7748), (-0.9357, -0.3523, 0.0173)
147.8572, (0.0320, 1.6720, 1.7849), (-0.9335, -0.3572, 0.0314)
148.001, (0.0365, 1.6713, 1.7913), (-0.9315, -0.3601, 0.0511)
148.1302, (0.0394, 1.6710, 1.7955), (-0.9281, -0.3615, 0.0888)
148.2724, (0.0428, 1.6716, 1.8020), (-0.9189, -0.3611, 0.1590)
148.4368, (0.0465, 1.6711, 1.8083), (-0.9068, -0.3582, 0.2222)
148.6601, (0.0364, 1.6725, 1.8042), (-0.9238, -0.3711, 0.0937)
148.8733, (0.0246, 1.6668, 1.7644), (-0.9234, -0.3795, -0.0583)
148.996, (0.0119, 1.6636, 1.7258), (-0.9240, -0.3678, -0.1048)
149.1191, (-0.0126, 1.6617, 1.6802), (-0.9275, -0.3572, -0.1101)
149.2529, (-0.0454, 1.6663, 1.6251), (-0.9300, -0.3466, -0.1225)
149.3732, (-0.0754, 1.6672, 1.5760), (-0.9250, -0.3431, -0.1630)
149.499, (-0.1062, 1.6676, 1.5285), (-0.9106, -0.3511, -0.2179)
149.6322, (-0.1351, 1.6697, 1.4946), (-0.8920, -0.3577, -0.2764)
149.7535, (-0.1642, 1.6679, 1.4774), (-0.8709, -0.3668, -0.3271)
149.8786, (-0.1992, 1.6668, 1.4724), (-0.8480, -0.3749, -0.3745)
149.9895, (-0.2329, 1.6635, 1.4773), (-0.8264, -0.3776, -0.4176)
150.1128, (-0.2696, 1.6677, 1.4911), (-0.7984, -0.3829, -0.4646)
150.2479, (-0.3072, 1.6706, 1.5070), (-0.7760, -0.3727, -0.5089)
150.3692, (-0.3363, 1.6698, 1.5147), (-0.7490, -0.3767, -0.5451)
150.4927, (-0.3576, 1.6680, 1.5134), (-0.7284, -0.3892, -0.5639)
150.6106, (-0.3766, 1.6687, 1.5033), (-0.7162, -0.3926, -0.5770)
150.7478, (-0.3947, 1.6653, 1.4786), (-0.7157, -0.3923, -0.5779)
150.8729, (-0.4049, 1.6633, 1.4432), (-0.7115, -0.3889, -0.5852)
151.0052, (-0.4098, 1.6646, 1.3924), (-0.7042, -0.3782, -0.6009)
151.1282, (-0.4113, 1.6699, 1.3384), (-0.6997, -0.3593, -0.6175)
151.2415, (-0.4106, 1.6712, 1.2907), (-0.6817, -0.3520, -0.6414)
151.3741, (-0.4109, 1.6718, 1.2394), (-0.6510, -0.3554, -0.6707)
151.4961, (-0.4123, 1.6683, 1.2022), (-0.6168, -0.3651, -0.6973)
151.6225, (-0.4160, 1.6676, 1.1733), (-0.5705, -0.3767, -0.7298)
151.7484, (-0.4261, 1.6667, 1.1538), (-0.5307, -0.3829, -0.7561)
151.8663, (-0.4419, 1.6652, 1.1392), (-0.4897, -0.3913, -0.7791)
152.0113, (-0.4688, 1.6639, 1.1305), (-0.4358, -0.3949, -0.8088)
152.1343, (-0.5004, 1.6621, 1.1312), (-0.3963, -0.4009, -0.8260)
152.2711, (-0.5376, 1.6673, 1.1339), (-0.3596, -0.3998, -0.8431)
152.394, (-0.5777, 1.6673, 1.1366), (-0.3157, -0.4026, -0.8592)
152.5266, (-0.6085, 1.6656, 1.1358), (-0.2611, -0.4126, -0.8727)
152.6375, (-0.6252, 1.6640, 1.1318), (-0.2036, -0.4226, -0.8832)
152.7589, (-0.6353, 1.6616, 1.1200), (-0.1530, -0.4358, -0.8869)
152.8851, (-0.6360, 1.6606, 1.0990), (-0.1147, -0.4366, -0.8923)
153.0088, (-0.6278, 1.6572, 1.0713), (-0.0995, -0.4344, -0.8952)
153.1459, (-0.6126, 1.6589, 1.0353), (-0.1055, -0.4286, -0.8973)
153.2773, (-0.5909, 1.6630, 0.9910), (-0.1193, -0.4089, -0.9048)
153.4077, (-0.5700, 1.6617, 0.9534), (-0.1207, -0.4086, -0.9047)
153.5289, (-0.5535, 1.6607, 0.9240), (-0.1139, -0.4068, -0.9064)
153.6526, (-0.5436, 1.6576, 0.8991), (-0.1002, -0.4156, -0.9040)
153.7732, (-0.5428, 1.6589, 0.8775), (-0.0778, -0.4237, -0.9025)
153.8781, (-0.5497, 1.6578, 0.8575), (-0.0540, -0.4221, -0.9049)
154.0094, (-0.5694, 1.6555, 0.8313), (-0.0134, -0.4286, -0.9034)
154.1365, (-0.5987, 1.6527, 0.8065), (0.0260, -0.4305, -0.9022)
154.262, (-0.6340, 1.6577, 0.7807), (0.0673, -0.4348, -0.8980)
154.3972, (-0.6741, 1.6616, 0.7525), (0.1102, -0.4305, -0.8958)
154.5137, (-0.7085, 1.6606, 0.7297), (0.1361, -0.4370, -0.8891)
154.6392, (-0.7333, 1.6591, 0.7098), (0.1588, -0.4468, -0.8804)
154.7688, (-0.7423, 1.6583, 0.6899), (0.1964, -0.4539, -0.8691)
154.89, (-0.7348, 1.6590, 0.6716), (0.2330, -0.4482, -0.8630)
155.0124, (-0.7130, 1.6562, 0.6499), (0.2635, -0.4434, -0.8567)
155.1207, (-0.6826, 1.6535, 0.6276), (0.2759, -0.4414, -0.8539)
155.2412, (-0.6424, 1.6594, 0.6006), (0.2803, -0.4255, -0.8605)
155.3698, (-0.6010, 1.6597, 0.5775), (0.2949, -0.4120, -0.8621)
155.4975, (-0.5601, 1.6599, 0.5580), (0.3156, -0.4143, -0.8537)
155.6298, (-0.5294, 1.6583, 0.5463), (0.3400, -0.4091, -0.8468)
155.7457, (-0.5059, 1.6567, 0.5370), (0.3789, -0.4173, -0.8260)
155.8771, (-0.4876, 1.6549, 0.5291), (0.4446, -0.4223, -0.7899)
156.0022, (-0.4789, 1.6533, 0.5204), (0.5089, -0.4242, -0.7490)
156.1305, (-0.4788, 1.6529, 0.5082), (0.5740, -0.4287, -0.6977)
156.2559, (-0.4878, 1.6523, 0.4935), (0.6337, -0.4261, -0.6457)
156.3683, (-0.4928, 1.6588, 0.4690), (0.6707, -0.4275, -0.6062)
156.49, (-0.5054, 1.6590, 0.4488), (0.7093, -0.4300, -0.5586)
156.6139, (-0.5190, 1.6575, 0.4289), (0.7312, -0.4384, -0.5226)
156.7304, (-0.5327, 1.6568, 0.4163), (0.7439, -0.4389, -0.5040)
156.8583, (-0.5441, 1.6545, 0.4104), (0.7677, -0.4384, -0.4673)
156.9852, (-0.5509, 1.6517, 0.4066), (0.8038, -0.4472, -0.3923)
157.1085, (-0.5515, 1.6498, 0.4098), (0.8248, -0.4584, -0.3311)
157.2322, (-0.5486, 1.6505, 0.4207), (0.8459, -0.4580, -0.2732)
157.3588, (-0.5384, 1.6526, 0.4396), (0.8613, -0.4543, -0.2275)
157.4805, (-0.5230, 1.6566, 0.4620), (0.8725, -0.4470, -0.1972)
157.6001, (-0.5011, 1.6601, 0.4940), (0.8859, -0.4374, -0.1544)
157.7212, (-0.4815, 1.6608, 0.5249), (0.8963, -0.4293, -0.1113)
157.8356, (-0.4651, 1.6575, 0.5504), (0.8987, -0.4315, -0.0781)
157.9557, (-0.4527, 1.6530, 0.5754), (0.9003, -0.4336, -0.0377)
158.0757, (-0.4434, 1.6527, 0.5912), (0.9009, -0.4341, 0.0081)
158.2108, (-0.4318, 1.6542, 0.5989), (0.8987, -0.4332, 0.0681)
158.3439, (-0.4228, 1.6518, 0.5945), (0.8887, -0.4382, 0.1350)
158.4679, (-0.4148, 1.6536, 0.5823), (0.8735, -0.4390, 0.2105)
158.5896, (-0.4085, 1.6563, 0.5652), (0.8586, -0.4342, 0.2726)
158.7015, (-0.4027, 1.6566, 0.5487), (0.8410, -0.4314, 0.3266)
158.8235, (-0.3974, 1.6550, 0.5308), (0.8149, -0.4364, 0.3814)
158.9473, (-0.3940, 1.6530, 0.5170), (0.7824, -0.4385, 0.4423)
159.0816, (-0.3924, 1.6517, 0.5102), (0.7396, -0.4418, 0.5078)
159.2078, (-0.3933, 1.6512, 0.5145), (0.6886, -0.4497, 0.5688)
159.3305, (-0.3994, 1.6510, 0.5285), (0.6493, -0.4527, 0.6112)
159.4679, (-0.4105, 1.6519, 0.5521), (0.6185, -0.4506, 0.6437)
159.5875, (-0.4257, 1.6551, 0.5784), (0.6003, -0.4427, 0.6661)
159.7094, (-0.4445, 1.6583, 0.6055), (0.5795, -0.4265, 0.6945)
159.8356, (-0.4630, 1.6585, 0.6326), (0.5472, -0.4181, 0.7251)
159.947, (-0.4782, 1.6576, 0.6557), (0.5198, -0.4165, 0.7459)
160.069, (-0.4909, 1.6564, 0.6785), (0.4818, -0.4178, 0.7702)
160.1924, (-0.4956, 1.6570, 0.6979), (0.4364, -0.4281, 0.7914)
160.3155, (-0.4933, 1.6563, 0.7120), (0.3808, -0.4334, 0.8168)
160.4247, (-0.4855, 1.6551, 0.7206), (0.3240, -0.4406, 0.8372)
160.5633, (-0.4673, 1.6559, 0.7234), (0.2594, -0.4406, 0.8594)
160.695, (-0.4440, 1.6590, 0.7229), (0.1941, -0.4364, 0.8786)
160.8156, (-0.4226, 1.6585, 0.7229), (0.1254, -0.4391, 0.8897)
160.9395, (-0.4035, 1.6569, 0.7219), (0.0536, -0.4434, 0.8947)
161.0609, (-0.3895, 1.6561, 0.7203), (-0.0038, -0.4442, 0.8959)
161.1719, (-0.3783, 1.6554, 0.7172), (-0.0625, -0.4428, 0.8944)
161.312, (-0.3724, 1.6552, 0.7137), (-0.1239, -0.4410, 0.8889)
161.4415, (-0.3726, 1.6578, 0.7117), (-0.1778, -0.4333, 0.8835)
161.5623, (-0.3762, 1.6582, 0.7112), (-0.2054, -0.4289, 0.8797)
161.6862, (-0.3818, 1.6584, 0.7117), (-0.2174, -0.4292, 0.8766)
161.7991, (-0.3904, 1.6597, 0.7112), (-0.2163, -0.4232, 0.8798)
161.9315, (-0.4025, 1.6609, 0.7098), (-0.2175, -0.4168, 0.8826)
162.0639, (-0.4162, 1.6616, 0.7077), (-0.2197, -0.4168, 0.8821)
162.1881, (-0.4269, 1.6627, 0.7056), (-0.2212, -0.4105, 0.8847)
162.3117, (-0.4338, 1.6633, 0.7045), (-0.2001, -0.4088, 0.8904)
162.4212, (-0.4356, 1.6661, 0.7050), (-0.1095, -0.3952, 0.9120)
162.5445, (-0.4298, 1.6665, 0.7053), (0.0453, -0.3910, 0.9193)
162.6674, (-0.4229, 1.6671, 0.7055), (0.1936, -0.3883, 0.9010)
162.7934, (-0.4171, 1.6662, 0.7063), (0.3016, -0.3932, 0.8686)
162.9046, (-0.4116, 1.6647, 0.7057), (0.3838, -0.4027, 0.8310)
163.0369, (-0.4061, 1.6638, 0.7030), (0.4594, -0.4083, 0.7888)
163.1695, (-0.4011, 1.6632, 0.7005), (0.5218, -0.4060, 0.7502)
163.2927, (-0.3927, 1.6613, 0.6973), (0.6053, -0.4122, 0.6810)
163.4285, (-0.3787, 1.6590, 0.6913), (0.6963, -0.4230, 0.5799)
163.5683, (-0.3590, 1.6552, 0.6798), (0.7731, -0.4340, 0.4626)
163.6873, (-0.3357, 1.6550, 0.6640), (0.8251, -0.4276, 0.3694)
163.8196, (-0.3023, 1.6541, 0.6458), (0.8592, -0.4244, 0.2858)
163.9521, (-0.2594, 1.6553, 0.6306), (0.8716, -0.4230, 0.2478)
164.086, (-0.2099, 1.6573, 0.6196), (0.8771, -0.4121, 0.2468)
164.22, (-0.1629, 1.6575, 0.6104), (0.8759, -0.4130, 0.2496)
164.372, (-0.1147, 1.6567, 0.6002), (0.8815, -0.4193, 0.2170)
164.5123, (-0.0773, 1.6535, 0.5925), (0.8898, -0.4236, 0.1696)
164.633, (-0.0549, 1.6540, 0.5987), (0.8893, -0.4333, 0.1465)
164.7683, (-0.0421, 1.6528, 0.6251), (0.8879, -0.4306, 0.1615)
164.9036, (-0.0409, 1.6514, 0.6750), (0.8734, -0.4260, 0.2362)
165.0392, (-0.0512, 1.6502, 0.7432), (0.8404, -0.4132, 0.3506)
165.1833, (-0.0669, 1.6579, 0.8259), (0.7868, -0.3990, 0.4709)
165.3177, (-0.0837, 1.6608, 0.8968), (0.7200, -0.3867, 0.5762)
165.4541, (-0.0920, 1.6605, 0.9517), (0.6739, -0.3859, 0.6300)
165.5746, (-0.0901, 1.6589, 1.0003), (0.6348, -0.4032, 0.6591)
165.7166, (-0.0809, 1.6582, 1.0429), (0.5901, -0.4112, 0.6948)
165.8592, (-0.0633, 1.6536, 1.0875), (0.5110, -0.4195, 0.7503)
166.0057, (-0.0311, 1.6501, 1.1284), (0.4217, -0.4127, 0.8074)
166.14, (0.0104, 1.6501, 1.1620), (0.3259, -0.4078, 0.8529)
166.2775, (0.0569, 1.6633, 1.1973), (0.2227, -0.3838, 0.8962)
166.4074, (0.0877, 1.6649, 1.2256), (0.1373, -0.3851, 0.9126)
166.5268, (0.1054, 1.6604, 1.2509), (0.0697, -0.3987, 0.9144)
166.6573, (0.1098, 1.6626, 1.2810), (0.0188, -0.4099, 0.9120)
166.7983, (0.0994, 1.6595, 1.3140), (-0.0149, -0.4100, 0.9119)
166.9344, (0.0700, 1.6543, 1.3534), (-0.0430, -0.4201, 0.9065)
167.0876, (0.0290, 1.6568, 1.3892), (-0.0602, -0.4047, 0.9125)
167.2244, (-0.0219, 1.6623, 1.4334), (-0.0759, -0.3746, 0.9241)
167.3493, (-0.0547, 1.6628, 1.4649), (-0.0870, -0.3866, 0.9181)
167.4743, (-0.0799, 1.6620, 1.4884), (-0.1110, -0.3923, 0.9131)
167.5922, (-0.1048, 1.6630, 1.5146), (-0.1679, -0.3956, 0.9029)
167.7162, (-0.1219, 1.6596, 1.5394), (-0.2475, -0.4044, 0.8805)
167.8416, (-0.1330, 1.6580, 1.5697), (-0.3448, -0.4158, 0.8416)
167.9651, (-0.1364, 1.6554, 1.6029), (-0.4454, -0.4226, 0.7893)
168.0815, (-0.1338, 1.6560, 1.6330), (-0.5433, -0.4320, 0.7198)
168.2092, (-0.1277, 1.6661, 1.6664), (-0.6623, -0.4166, 0.6228)
168.3667, (-0.1149, 1.6665, 1.6994), (-0.7815, -0.4063, 0.4735)
168.5872, (-0.1083, 1.6678, 1.7169), (-0.8823, -0.4130, 0.2258)
168.8107, (-0.1022, 1.6672, 1.7203), (-0.9077, -0.4195, -0.0034)
168.9559, (-0.0991, 1.6683, 1.7240), (-0.9027, -0.4210, -0.0891)
169.0815, (-0.0971, 1.6673, 1.7302), (-0.9005, -0.4228, -0.1021)
169.2053, (-0.0922, 1.6663, 1.7359), (-0.9027, -0.4240, -0.0726)
169.3251, (-0.0846, 1.6642, 1.7392), (-0.9039, -0.4268, -0.0267)
169.4541, (-0.0737, 1.6649, 1.7446), (-0.9039, -0.4246, 0.0511)
169.5754, (-0.0605, 1.6660, 1.7539), (-0.8967, -0.4143, 0.1558)
169.6951, (-0.0436, 1.6644, 1.7644), (-0.8698, -0.4087, 0.2763)
169.8207, (-0.0248, 1.6652, 1.7747), (-0.8260, -0.3957, 0.4014)
169.9414, (-0.0122, 1.6689, 1.7878), (-0.7483, -0.3824, 0.5421)
170.0864, (-0.0009, 1.6661, 1.7996), (-0.5902, -0.3907, 0.7064)
170.2117, (0.0041, 1.6669, 1.8011), (-0.4082, -0.3915, 0.8247)
170.3369, (-0.0007, 1.6704, 1.7946), (-0.2531, -0.3858, 0.8872)
170.4578, (-0.0176, 1.6695, 1.7839), (-0.1765, -0.3890, 0.9042)
170.5688, (-0.0384, 1.6683, 1.7730), (-0.1685, -0.3967, 0.9024)
170.6872, (-0.0606, 1.6670, 1.7589), (-0.1952, -0.4016, 0.8948)
170.813, (-0.0784, 1.6662, 1.7469), (-0.2346, -0.3985, 0.8867)
(0.4489, -0.0005, 1.3454)
ETS ON
2.0000
Side
